example/data/train/2B/dm1d0003.asc
ncols              302
nrows              262
xllcorner        167177.500
yllcorner       2549279.500
cellsize              1.000
NODATA_value       -999.9990
[rows 96 to 127 of 262, columns 0 to 70 of 302]
-999.9990 0.2987 0.2987 0.2987 0.2987 0.2987 0.2987 0.2987 0.2987 0.2987 0.2987 0.2987 0.2987 0.2987 0.2987 0.2987 0.2987 0.2987 0.2987 0.2987 0.2987 0.2987 0.2987 0.2987 0.2987 0.0000 0.0000 0.0000 0.0000 0.0000 0.0000 0.0000 0.0000 0.0000 0.0000 0.0000 0.0000 1.3088 1.3088 0.3088 0.0000 0.0000 0.3081 0.3081 0.3081 0.3081 0.3081 0.3081 0.3081 0.3081 0.3081 0.3081 0.3081 0.3081 0.3081 0.3081 0.3081 0.0000 0.0000 0.0000 0.0000 0.0000 0.0000 0.0000 0.0000 0.0000 0.0000 0.0000 0.0000 0.0000 0.0000
-999.9990 0.2987 0.2987 0.2987 0.2987 0.2987 0.2987 0.2987 0.2987 0.2987 0.2987 0.2987 0.2987 0.2987 0.2987 0.2987 0.2987 0.2987 0.2987 0.2987 0.2987 0.2987 0.2987 0.2987 0.2987 0.2987 0.0000 0.0000 0.0000 0.0000 0.0000 0.0000 0.0000 0.0000 0.0000 0.0000 0.0000 0.0000 0.3088 0.3088 0.0000 0.0000 0.3081 0.3081 0.3081 0.3081 0.3081 0.3081 0.3081 0.3081 0.3081 0.3081 0.3081 0.3081 0.3081 0.3081 0.0000 0.0000 0.0000 0.0000 0.0000 0.0000 0.0000 0.0000 0.0000 0.0000 0.0000 0.0000 0.0000 0.0000 0.0000
-999.9990 0.2987 0.2987 0.2987 0.2987 0.2987 0.2987 0.2987 0.2987 0.2987 0.2987 0.2987 0.2987 0.2987 0.2987 0.2987 0.2987 0.2987 0.2987 0.2987 0.2987 0.2987 0.2987 0.2987 0.2987 0.2987 0.2987 0.0000 0.0000 0.0000 0.0000 0.0000 0.0000 0.0000 0.0000 0.0000 0.0000 0.0000 0.0000 0.0000 0.0000 0.0000 0.0000 0.0000 0.3081 0.3081 0.3081 0.3081 0.3081 0.3081 0.3081 0.3081 0.3081 0.3081 0.3081 0.0000 0.0000 0.0000 0.0000 0.0000 0.0000 0.0000 0.0000 0.0000 0.0000 0.0000 0.0000 0.0000 0.0000 0.0000 0.0000
-999.9990 0.2987 0.2987 0.2987 0.2987 0.2987 0.2987 0.2987 0.2987 0.2987 0.2987 0.2987 0.2987 0.2987 0.2987 0.2987 0.2987 0.2987 0.2987 0.2987 0.2987 0.2987 0.2987 0.2987 0.2987 0.2987 0.2987 0.2987 0.0000 0.0000 0.0000 0.0000 0.0000 0.0000 0.0000 0.0000 0.0000 0.0000 0.0000 0.0000 0.0000 0.0000 0.0000 0.0000 0.0000 0.0000 0.3081 0.3081 0.3081 0.3081 0.3081 0.3081 0.3081 0.3081 0.0000 0.0000 0.0000 0.0000 0.0000 0.0000 0.0000 0.0000 0.0000 0.0000 0.0000 0.0000 0.0000 0.0000 0.0000 0.0000 0.0000
-999.9990 0.2987 0.2987 0.2987 0.2987 0.2987 0.2987 0.2987 0.2987 0.2987 0.2987 0.2987 0.2987 0.2987 0.2987 0.2987 0.2987 0.2987 0.2987 0.2987 0.2987 0.2987 0.2987 0.2987 0.2987 0.2987 0.2987 0.2987 0.2987 0.0000 0.0000 0.0000 0.0000 0.0000 0.0000 0.0000 0.0000 0.0000 0.0000 0.0000 0.0000 0.0000 0.0000 0.0000 0.0000 0.0000 0.3081 0.3081 0.3081 0.3081 0.3081 0.3081 0.3081 0.0000 0.0000 0.0000 0.0000 0.0000 0.0000 0.0000 0.0000 0.0000 0.0000 0.0000 0.0000 0.0000 0.0000 0.0000 0.0000 0.0000 0.0000
-999.9990 0.2987 0.2987 0.2987 0.2987 0.2987 0.2987 0.2987 0.2987 0.2987 0.2987 0.2987 0.2987 0.2987 0.2987 0.2987 0.2987 0.2987 0.2987 0.2987 0.2987 0.2987 0.2987 0.2987 0.2987 0.2987 0.2987 0.2987 0.2987 0.2987 0.0000 0.0000 0.0000 0.0000 0.0000 0.0000 0.0000 0.0000 0.0000 0.0000 0.0000 0.0000 0.0000 0.0000 0.0000 0.0000 0.0000 0.3081 0.3081 0.3081 0.3081 0.0000 0.0000 0.0000 0.0000 0.0000 0.0000 0.0000 0.0000 0.0000 0.0000 0.0000 0.0000 0.0000 0.0000 0.0000 0.0000 0.0000 0.0000 0.0000 0.0000
-999.9990 0.2987 0.2987 0.2987 0.2987 0.2987 0.2987 0.2987 0.2987 0.2987 0.2987 0.2987 0.2987 0.2987 0.2987 0.2987 0.2987 0.2987 0.2987 0.2987 0.2987 0.2987 0.2987 0.2987 0.2987 0.2987 0.2987 0.2987 0.2987 0.2987 1.2987 0.0000 0.0000 0.0000 0.0000 0.0000 0.0000 0.0000 0.0000 0.0000 0.0000 0.0000 0.0000 0.0000 0.0000 0.0000 0.0000 0.0000 0.3081 0.3081 0.3081 0.0000 0.0000 0.0000 0.0000 0.0000 0.0000 0.0000 0.0000 0.0000 0.0000 0.0000 0.0000 0.0000 0.0000 0.0000 0.0000 0.0000 0.0000 0.0000 0.0000
-999.9990 0.2987 0.2987 0.2987 0.2987 0.2987 0.2987 0.2987 0.2987 0.2987 0.2987 0.2987 0.2987 0.2987 0.2987 0.2987 0.2987 0.2987 0.2987 0.2987 0.2987 0.2987 0.2987 0.2987 0.2987 0.2987 0.2987 0.2987 0.2987 0.2987 0.2987 0.2987 0.0000 0.0000 0.0000 0.0000 0.0000 0.0000 0.0000 0.0000 0.0000 0.0000 0.0000 0.0000 0.0000 0.0000 0.0000 0.0000 0.3081 0.3081 0.0000 0.0000 0.0000 0.0000 0.0000 0.0000 0.0000 0.0000 0.0000 0.0000 0.0000 0.0000 0.0000 0.0000 0.0000 0.0000 0.0000 0.0000 0.0000 0.0000 0.0000
-999.9990 0.2987 0.2987 0.2987 0.2987 0.2987 0.2987 0.2987 0.2987 0.2987 0.2987 0.2987 0.2987 0.2987 0.2987 0.2987 0.2987 0.2987 0.2987 0.2987 0.2987 0.2987 0.2987 0.2987 0.2987 0.2987 0.2987 0.2987 0.2987 0.2987 0.2987 0.2987 0.2986 0.0000 0.0000 0.0000 0.0000 0.0000 0.0000 0.0000 0.0000 0.0000 0.0000 0.0000 0.0000 0.0000 0.0000 0.0000 0.0000 0.0000 0.0000 0.0000 0.0000 0.0000 0.0000 0.0000 0.0000 0.0000 0.0000 0.0000 0.0000 0.0000 0.0000 0.0000 0.0000 0.0000 0.0000 0.0000 0.0000 0.0000 0.0000
-999.9990 0.2987 0.2987 0.2987 0.2987 0.2987 0.2987 0.2987 0.2987 0.2987 0.2987 0.2987 0.2987 0.2987 0.2987 0.2987 0.2987 0.2987 0.2987 0.2987 0.2987 0.2987 0.2987 0.2987 0.2987 0.2987 0.2987 0.2987 0.2987 0.2987 0.2987 0.2987 0.2987 0.2987 0.2988 0.2988 0.0000 0.0000 0.0000 0.0000 0.0000 0.0000 0.0000 0.0000 0.0000 0.0000 0.0000 0.0000 0.0000 0.0000 0.0000 0.0000 0.0000 0.0000 0.0000 0.0000 0.0000 0.0000 0.0000 0.0000 0.0000 0.0000 0.0000 0.0000 0.0000 0.0000 0.0000 0.0000 0.0000 0.0000 0.0000
-999.9990 0.2987 0.2987 0.2987 0.2987 0.2987 0.2987 0.2987 0.2987 0.2987 0.2987 0.2987 0.2987 0.2987 0.2987 0.2987 0.2987 0.2987 0.2987 0.2987 0.2987 0.2987 0.2987 0.2987 0.2987 0.2987 0.2987 0.2987 0.2987 0.2987 0.2987 0.2987 0.2987 0.2987 0.2988 0.2988 0.2988 0.0000 0.0000 0.0000 0.0000 0.0000 0.0000 0.0000 0.0000 0.0000 0.0000 0.0000 0.0000 0.0000 0.0000 0.0000 0.0000 0.0000 0.0000 0.0000 0.0000 0.0000 0.0000 0.0000 0.0000 0.0000 0.0000 0.0000 0.0000 0.0000 0.0000 0.0000 0.0000 0.0000 0.0000
-999.9990 0.2987 0.2987 0.2987 0.2987 0.2987 0.2987 0.2987 0.2987 0.2987 0.2987 0.2987 0.2987 0.2987 0.2987 0.2987 0.2987 0.2987 0.2987 0.2987 0.2987 0.2987 0.2987 0.2987 0.2987 0.2987 0.2987 0.2987 0.2987 0.2987 0.2987 0.2987 0.2987 0.2988 0.2988 0.2988 0.2988 0.2988 0.0000 0.0000 0.0000 0.0000 0.0000 0.0000 0.0000 0.0000 0.0000 0.0000 0.0000 0.0000 0.0000 0.0000 0.0000 0.0000 0.0000 0.0000 0.0000 0.0000 0.0000 0.0000 0.0000 0.0000 0.0000 0.0000 0.0000 0.0000 0.0000 0.0000 0.0000 0.0000 0.0000
-999.9990 0.2987 0.2987 0.2987 0.2987 0.2987 0.2987 0.2987 0.2987 0.2987 0.2987 0.2987 0.2987 0.2987 0.2987 0.2987 0.2987 0.2987 0.2987 0.2987 0.2987 0.2987 0.2987 0.2987 0.2987 0.2987 0.2987 0.2987 0.2987 0.2987 0.2987 0.2987 0.2987 0.2987 0.2988 0.2988 0.2988 0.2988 0.2988 0.0000 0.0000 0.0000 0.0000 0.0000 0.0000 0.0000 0.0000 0.0000 0.0000 0.0000 0.0000 0.0000 0.0000 0.0000 0.0000 0.0000 0.0000 0.0000 0.0000 0.0000 0.0000 0.0000 0.0000 0.0000 0.0000 0.0000 0.0000 0.0000 0.0000 0.0000 0.0000
-999.9990 0.2986 0.2986 0.2986 0.2986 0.2986 0.2986 0.2986 0.2986 0.2986 0.2986 0.2986 0.2986 0.2986 0.2986 0.2986 0.2986 0.2986 0.2986 0.2986 0.2986 0.2986 0.2986 0.2986 0.2986 0.2986 0.2986 0.2987 0.2987 0.2987 0.2987 0.2987 0.2987 0.2987 0.2988 0.2988 0.2988 0.2988 0.2988 0.2989 1.2989 0.0000 0.0000 0.0000 0.0000 0.0000 0.0000 0.0000 0.0000 0.0000 0.0000 0.0000 0.0000 0.0000 0.0000 0.0000 0.0000 0.0000 0.0000 0.0000 0.0000 0.0000 0.0000 0.0000 0.0000 0.0000 0.0000 0.0000 0.0000 0.0000 0.0000
-999.9990 0.2986 0.2986 0.2986 0.2986 0.2986 0.2986 0.2986 0.2986 0.2986 0.2986 0.2986 0.2986 0.2986 0.2986 0.2986 0.2986 0.2986 0.2986 0.2986 0.2986 0.2986 0.2986 0.2986 0.2986 0.2986 0.2986 0.2986 0.2986 0.2987 0.2987 0.2987 0.2987 0.2987 0.2987 0.2988 0.2988 0.2988 0.2988 0.2989 0.2989 0.2988 0.0000 0.0000 0.0000 0.0000 0.0000 0.0000 0.0000 0.0000 0.0000 0.0000 0.0000 0.0000 0.0000 0.0000 0.0000 0.0000 0.0000 0.0000 0.0000 0.0000 0.0000 0.0000 0.0000 0.0000 0.0000 0.0000 0.0000 0.0000 0.0000
-999.9990 0.2986 0.2986 0.2986 0.2986 0.2986 0.2986 0.2986 0.2986 0.2986 0.2986 0.2986 0.2986 0.2986 0.2986 0.2986 0.2986 0.2986 0.2986 0.2986 0.2986 0.2986 0.2986 0.2986 0.2986 0.2986 0.2986 0.2986 0.2986 0.2986 0.2986 0.2987 0.2987 0.2987 0.2987 0.2987 0.2988 0.2988 0.2988 0.2988 0.2988 0.2988 0.2988 0.0000 0.0000 0.0000 0.0000 0.0000 0.0000 0.0000 0.0000 0.0000 0.0000 0.0000 0.0000 0.0000 0.0000 0.0000 0.0000 0.0000 0.0000 0.0000 0.0000 0.0000 0.0000 0.0000 0.0000 0.0000 0.0000 0.0000 0.0000
-999.9990 0.2986 0.2986 0.2986 0.2986 0.2986 0.2986 0.2986 0.2986 0.2986 0.2986 0.2986 0.2986 0.2986 0.2986 0.2986 0.2986 0.2986 0.2986 0.2986 0.2986 0.2986 0.2986 0.2986 0.2986 0.2986 0.2986 0.2986 0.2986 0.2986 0.2986 0.2986 0.2986 0.2987 0.2987 0.2987 0.2988 0.2988 0.2988 0.2988 0.2988 0.2988 0.2988 0.2988 0.0000 0.0000 0.0000 0.0000 0.0000 0.0000 0.0000 0.0000 0.0000 0.0000 0.0000 0.0000 0.0000 0.0000 0.0000 0.0000 0.0000 0.0000 0.0000 0.0000 0.0000 0.0000 0.0000 0.0000 0.0000 0.0000 0.0000
-999.9990 0.2986 0.2986 0.2986 0.2986 0.2986 0.2986 0.2986 0.2986 0.2986 0.2986 0.2986 0.2986 0.2986 0.2986 0.2986 0.2986 0.2986 0.2986 0.2986 0.2986 0.2986 0.2986 0.2986 0.2986 0.2986 0.2986 0.2986 0.2986 0.2986 0.2986 0.2986 0.2986 0.2986 0.2987 0.2987 0.2987 0.2988 0.2988 0.2988 0.2988 0.2988 0.2988 0.2988 0.2988 0.0000 0.0000 0.0000 0.0000 0.0000 0.0000 0.0000 0.0000 0.0000 0.0000 0.0000 0.0000 0.0000 0.0000 0.0000 0.0000 0.0000 0.0000 0.0000 0.0000 0.0000 0.0000 0.0000 0.0000 0.0000 0.0000
-999.9990 0.2986 0.2986 0.2986 0.2986 0.2986 0.2986 0.2986 0.2986 0.2986 0.2986 0.2986 0.2986 0.2986 0.2986 0.2986 0.2986 0.2986 0.2986 0.2986 0.2986 0.2985 0.2985 0.2985 0.2985 0.2985 0.2985 0.2985 0.2985 0.2985 0.2985 0.2986 0.2986 0.2986 0.2986 0.2987 0.2987 0.2987 0.2988 0.2988 0.2988 0.2988 0.2988 0.2988 0.2988 0.0000 0.0000 0.0000 0.0000 0.0000 0.0000 0.0000 0.0000 0.0000 0.0000 0.0000 0.0000 0.0000 0.0000 0.0000 0.0000 0.0000 0.0000 0.0000 0.0000 0.0000 0.0000 0.0000 0.0000 0.0000 0.0000
-999.9990 0.2985 0.2985 0.2985 0.2985 0.2985 0.2985 0.2985 0.2985 0.2985 0.2985 0.2985 0.2985 0.2985 0.2985 0.2985 0.2985 0.2985 0.2985 0.2985 0.2985 0.2985 0.2985 0.2985 0.2985 0.2985 0.2985 0.2985 0.2985 0.2985 0.2985 0.2985 0.2985 0.2985 0.2986 0.2986 0.2986 0.2987 0.2987 0.2988 0.2988 0.2988 0.2988 0.2988 0.2988 0.0000 0.0000 0.0000 0.0000 0.0000 0.0000 0.0000 0.0000 0.0000 0.0000 0.0000 0.0000 0.0000 0.0000 0.0000 0.0000 0.0000 0.0000 0.0000 0.0000 0.0000 0.0000 0.0000 0.0000 0.0000 0.0000
-999.9990 0.2985 0.2985 0.2985 0.2985 0.2985 0.2985 0.2985 0.2985 0.2985 0.2985 0.2985 0.2985 0.2985 0.2985 0.2985 0.2985 0.2985 0.2985 0.2985 0.2985 0.2985 0.2985 0.2985 0.2985 0.2985 0.2985 0.2985 0.2985 0.2985 0.2985 0.2985 0.2985 0.2985 0.2985 0.2985 0.2986 0.2986 0.2987 0.2987 0.2988 0.2988 0.2988 0.2982 0.0000 0.0000 0.0000 0.0000 0.0000 0.0000 0.0000 0.0000 0.0000 0.0000 0.0000 0.0000 0.0000 0.0000 0.0000 0.0000 0.0000 0.0000 0.0000 0.0000 0.0000 0.0000 0.0000 0.0000 0.0000 0.0000 0.0000
-999.9990 0.2985 0.2985 0.2985 0.2985 0.2985 0.2985 0.2985 0.2985 0.2985 0.2985 0.2985 0.2985 0.2985 0.2985 0.2985 0.2985 0.2985 0.2985 0.2985 0.2985 0.2985 0.2985 0.2985 0.2985 0.2984 0.2984 0.2984 0.2984 0.2984 0.2984 0.2984 0.2984 0.2984 0.2984 0.2985 0.2985 0.2986 0.2987 0.2987 0.2988 0.2988 0.2988 0.2986 0.2995 0.2996 0.0000 0.0000 0.0000 0.0000 0.0000 0.0000 0.0000 0.0000 0.0000 0.0000 0.0000 0.0000 0.0000 0.0000 0.0000 0.0000 0.0000 0.0000 0.0000 0.0000 0.0000 0.0000 0.0000 0.0000 0.0000
-999.9990 0.2984 0.2984 0.2984 0.2984 0.2985 0.2985 0.2985 0.2985 0.2985 0.2985 0.2985 0.2985 0.2985 0.2985 0.2985 0.2985 0.2985 0.2985 0.2985 0.2985 0.2985 0.2985 0.2984 0.2984 0.2984 0.2984 0.2984 0.2984 0.2984 0.2984 0.2984 0.2984 0.2984 0.2983 0.2984 0.2984 0.2985 0.2986 0.2987 0.2989 0.2990 0.2990 0.2991 0.2994 0.2996 0.2996 0.0000 0.0000 0.0000 0.0000 0.0000 0.0000 0.0000 0.0000 0.0000 0.0000 0.0000 0.0000 0.0000 0.0000 0.0000 0.0000 0.0000 0.0000 0.0000 0.0000 0.0000 0.0000 0.0000 0.0000
-999.9990 0.2984 0.2984 0.2984 0.2984 0.2984 0.2984 0.2984 0.2984 0.2985 0.2985 0.2985 0.2985 0.2985 0.2985 0.2985 0.2985 0.2985 0.2985 0.2985 0.2984 0.2984 0.2984 0.2984 0.2984 0.2984 0.2984 0.2984 0.2984 0.2984 0.2983 0.2983 0.2983 0.2983 0.2982 0.2983 0.2984 0.2984 0.2986 0.2988 0.2989 0.2991 0.2992 0.2993 0.2995 0.2995 0.2996 0.2994 0.0000 0.0000 0.0000 0.0000 0.0000 0.0000 0.0000 0.0000 0.0000 0.0000 0.0000 0.0000 0.0000 0.0000 0.0000 0.0000 0.0000 0.0000 0.0000 0.0000 0.0000 0.0000 0.0000
-999.9990 0.2983 0.2983 0.2984 0.2984 0.2984 0.2984 0.2984 0.2984 0.2984 0.2984 0.2984 0.2984 0.2984 0.2984 0.2984 0.2984 0.2984 0.2984 0.2984 0.2984 0.2984 0.2984 0.2984 0.2984 0.2984 0.2984 0.2984 0.2983 0.2983 0.2983 0.2983 0.2983 0.2983 0.0000 0.2983 0.2984 0.2984 0.2985 0.2988 0.2990 0.2992 0.2994 0.2995 0.2996 0.2996 0.2996 0.2996 0.3004 0.3004 0.0000 0.0000 0.0000 0.0000 0.0000 0.0000 0.0000 0.0000 0.0000 0.0000 0.0000 0.0000 0.0000 0.0000 0.0000 0.0000 0.0000 0.0000 0.0000 0.0000 0.0000
-999.9990 0.2983 0.2983 0.2983 0.2983 0.2984 0.2984 0.2984 0.2984 0.2984 0.2984 0.2984 0.2984 0.2984 0.2984 0.2984 0.2984 0.2984 0.2984 0.2984 0.2984 0.2984 0.2984 0.2984 0.2984 0.2984 0.2984 0.2983 0.2983 0.2983 0.2983 0.2983 0.2983 0.2983 0.0000 0.0000 1.2984 1.2984 1.2982 0.2985 0.2992 0.2994 0.2995 0.2996 0.2997 0.2997 0.2998 0.2999 0.3003 0.3004 0.3004 0.0000 0.0000 0.0000 0.0000 0.0000 0.0000 0.0000 0.0000 0.0000 0.0000 0.0000 0.0000 0.0000 0.0000 0.0000 0.0000 0.0000 0.0000 0.0000 0.0000
-999.9990 0.2983 0.2983 0.2983 0.2983 0.2983 0.2984 0.2984 0.2984 0.2984 0.2984 0.2984 0.2984 0.2984 0.2984 0.2984 0.2984 0.2984 0.2984 0.2984 0.2984 0.2984 0.2984 0.2984 0.2984 0.2984 0.2984 0.2983 0.2983 0.2983 0.2983 0.0000 0.0000 0.0000 0.0000 0.0000 0.0000 0.0000 0.0000 1.2995 0.2995 0.2996 0.2997 0.2998 0.2998 0.2998 0.2999 0.3000 0.3002 0.3004 0.3005 0.3005 0.0000 0.0000 0.0000 0.0000 0.0000 0.0000 0.0000 0.0000 0.0000 0.0000 0.0000 0.0000 0.0000 0.0000 0.0000 0.0000 0.0000 0.0000 0.0000
-999.9990 1.2983 1.2982 1.2982 1.2983 0.2983 0.2983 0.2983 0.2984 0.2984 0.2984 0.2984 0.2984 0.2984 0.2984 0.2984 0.2984 0.2984 0.2984 0.2984 0.2984 0.2984 0.2984 0.2984 0.2984 0.2984 0.2983 0.2983 0.2983 0.2983 0.0000 0.0000 0.0000 0.0000 0.0000 0.0000 0.0000 0.0000 0.0000 0.2995 1.2998 1.2999 1.3000 1.2999 0.2999 0.2998 0.2999 0.3000 0.3002 0.3004 0.3005 0.3006 0.3007 0.0000 0.0000 0.0000 0.0000 0.0000 0.0000 0.0000 0.0000 0.0000 0.0000 0.0000 0.0000 0.0000 0.0000 0.0000 0.0000 0.0000 0.0000
-999.9990 1.2983 1.2983 1.2983 1.2983 1.2983 0.2983 0.2983 0.2984 0.2984 0.2984 0.2984 0.2984 0.2984 0.2984 0.2984 0.2984 0.2984 0.2984 0.2984 0.2984 0.2984 0.2984 0.2984 0.2984 0.2984 0.2984 0.2983 0.2983 0.0000 0.0000 0.0000 0.0000 0.0000 0.0000 0.0000 0.0000 0.0000 0.0000 0.0000 0.0000 1.3000 1.2999 1.2999 1.2998 0.2997 0.2998 0.3000 0.3002 0.3004 0.3006 0.3007 0.3008 0.3009 0.0000 0.0000 0.0000 0.0000 0.0000 0.0000 0.0000 0.0000 0.0000 0.0000 0.0000 0.0000 0.0000 0.0000 0.0000 0.0000 0.0000
-999.9990 1.2983 1.2983 1.2983 1.2983 1.2983 0.2983 0.2983 0.2983 0.2984 0.2984 0.2984 0.2984 0.2984 0.2984 0.2984 0.2984 0.2984 0.2984 0.2984 0.2984 0.2984 0.2984 0.2984 0.2984 0.2984 0.2984 1.2984 0.2983 0.0000 0.0000 0.0000 0.0000 0.0000 0.0000 0.0000 0.0000 0.0000 0.0000 0.0000 0.0000 0.0000 0.0000 1.2999 1.2998 1.2994 0.2996 0.3000 0.3003 0.3005 0.3006 0.3007 0.3009 0.3009 1.3010 0.0000 0.0000 0.0000 0.0000 0.0000 0.0000 0.0000 0.0000 0.0000 0.0000 0.0000 0.0000 0.0000 0.0000 0.0000 0.3043
-999.9990 1.2983 1.2983 1.2983 1.2983 1.2983 0.2983 0.2983 0.2983 0.2983 0.2984 0.2984 0.2984 0.2984 0.2984 0.2984 0.2984 0.2984 0.2984 0.2984 0.2984 0.2984 0.2984 0.2984 0.2984 0.2984 0.2984 0.2984 0.0000 0.0000 0.0000 0.0000 0.0000 0.0000 0.0000 0.0000 0.0000 0.0000 0.0000 0.0000 0.0000 0.0000 0.0000 0.0000 0.0000 1.2991 0.2993 0.3000 0.3003 0.3005 0.3007 0.3008 0.3009 0.3010 0.3010 0.3013 0.3013 0.0000 0.0000 0.0000 0.0000 0.0000 0.0000 0.0000 0.0000 0.0000 0.0000 0.0000 0.3043 0.3043 0.3043
-999.9990 1.2983 1.2983 1.2983 0.2983 0.2983 0.2983 0.2983 0.2983 0.2983 0.2983 0.2983 0.2984 0.2984 0.2984 0.2984 0.2984 0.2984 0.2984 0.2984 0.2984 0.2984 0.2984 0.2984 0.2984 0.2984 0.2984 0.2984 0.0000 0.0000 0.0000 0.0000 0.0000 0.0000 0.0000 0.0000 0.0000 0.0000 0.0000 0.0000 0.0000 0.0000 0.0000 0.0000 0.0000 0.0000 1.2993 0.2998 0.3004 0.3007 0.3008 0.3009 0.3010 0.3011 0.3011 0.3013 1.3013 0.0000 0.0000 0.0000 0.0000 0.0000 0.0000 0.0000 0.0000 0.0000 0.0000 0.3043 1.3043 0.3043 1.3043
