example/data/train/2B/dm1d0003.asc
ncols              302
nrows              262
xllcorner        167177.500
yllcorner       2549279.500
cellsize              1.000
NODATA_value       -999.9990
[rows 32 to 63 of 262, columns 142 to 212 of 302]
0.3077 0.3077 0.3078 0.3078 0.3079 0.3079 0.3080 0.3080 0.3081 0.3081 0.3081 0.3081 0.3080 0.3078 0.3076 0.3073 0.3072 0.3073 0.3073 0.3073 0.3072 0.3071 0.3069 0.3068 0.3058 0.3051 0.2615 0.3103 0.3100 0.3097 0.3098 0.3100 0.3101 0.3102 0.3102 0.3103 0.3103 0.3103 0.3103 0.3104 0.3104 0.3104 0.3104 0.3104 0.3104 0.3104 0.3104 0.3104 0.3104 0.3105 0.3105 0.3105 0.3106 0.3107 0.3107 0.3108 0.3109 0.3110 0.3111 0.3112 0.3113 0.3114 0.3115 0.3117 0.3118 0.3119 0.3121 1.3121 1.3121 1.3121 0.3122
0.3077 0.3078 0.3078 0.3079 0.3079 0.3080 0.3080 0.3081 0.3081 0.3081 0.3081 0.3080 0.3079 0.3077 0.3075 0.3072 0.3071 0.3072 0.3074 0.3074 0.3073 0.3071 0.3068 0.3069 0.3063 0.3063 0.3037 0.2941 0.3088 0.3095 0.3098 0.3100 0.3101 0.3102 0.3103 0.3104 0.3104 0.3104 0.3104 0.3104 0.3104 0.3104 0.3104 0.3105 0.3105 0.3105 0.3105 0.3105 0.3105 0.3106 0.3106 0.3106 0.3107 0.3107 0.3108 0.3109 0.3110 0.3110 0.3111 0.3112 0.3113 0.3114 0.3115 0.3116 0.3118 0.3119 0.3119 1.3122 1.3122 1.3123 1.3122
0.3078 0.3078 0.3078 0.3079 0.3079 0.3080 0.3081 0.3081 0.3082 0.3082 0.3081 0.3081 0.3079 0.3077 0.3075 0.3072 0.3072 0.3074 0.3075 0.3075 0.3073 0.3071 0.3069 0.3071 0.3068 0.3077 0.3087 0.3084 0.3081 0.3093 0.3098 0.3101 0.3102 0.3103 0.3104 0.3104 0.3105 0.3105 0.3105 0.3105 0.3105 0.3105 0.3105 0.3105 0.3105 0.3106 0.3106 0.3106 0.3106 0.3106 0.3107 0.3107 0.3108 0.3108 0.3109 0.3109 0.3110 0.3111 0.3112 0.3113 0.3114 0.3115 0.3115 0.3116 0.3117 0.3118 0.3118 0.3118 1.3123 1.3123 1.3123
0.3078 0.3078 0.3078 0.3079 0.3080 0.3081 0.3081 0.3082 0.3082 0.3083 0.3083 0.3082 0.3081 0.3079 0.3077 0.3075 0.3075 0.3076 0.3077 0.3077 0.3076 0.3076 0.3075 0.3078 0.3085 0.3095 0.3085 0.3089 0.3085 0.3096 0.3100 0.3102 0.3104 0.3104 0.3105 0.3105 0.3105 0.3106 0.3106 0.3106 0.3106 0.3106 0.3106 0.3106 0.3106 0.3106 0.3106 0.3107 0.3107 0.3107 0.3107 0.3108 0.3108 0.3109 0.3109 0.3110 0.3111 0.3111 0.3112 0.3113 0.3114 0.3115 0.3115 0.3116 0.3117 0.3118 0.3118 0.3118 0.3119 0.3120 1.3123
0.3078 0.3077 0.3078 0.3080 0.3080 0.3081 0.3082 0.3082 0.3083 0.3084 0.3084 0.3084 0.3083 0.3082 0.3081 0.3080 0.3080 0.3081 0.3082 0.3083 0.3083 0.3085 0.3086 0.3092 0.3099 0.3099 0.3104 0.3103 0.3100 0.3101 0.3103 0.3104 0.3105 0.3106 0.3106 0.3106 0.3106 0.3106 0.3106 0.3107 0.3107 0.3107 0.3107 0.3107 0.3107 0.3107 0.3107 0.3107 0.3108 0.3108 0.3108 0.3108 0.3109 0.3109 0.3110 0.3110 0.3111 0.3112 0.3112 0.3113 0.3114 0.3115 0.3115 0.3116 0.3117 0.3118 0.3118 0.3119 0.3119 0.3120 0.3120
0.3077 0.3072 0.3078 0.3081 0.3080 0.3081 0.3083 0.3083 0.3084 0.3085 0.3086 0.3086 0.3086 0.3086 0.3085 0.3085 0.3086 0.3088 0.3090 0.3092 0.3093 0.3095 0.3099 0.3103 0.3104 0.3105 0.3111 0.3107 0.3105 0.3105 0.3105 0.3106 0.3106 0.3107 0.3107 0.3107 0.3107 0.3107 0.3107 0.3107 0.3107 0.3107 0.3107 0.3107 0.3108 0.3108 0.3108 0.3108 0.3108 0.3108 0.3109 0.3109 0.3109 0.3110 0.3110 0.3111 0.3111 0.3112 0.3113 0.3113 0.3114 0.3115 0.3116 0.3116 0.3117 0.3118 0.3118 0.3119 0.3119 0.3120 0.3120
0.0000 0.0000 0.3084 0.3082 0.3074 0.3081 0.3085 0.3083 0.3085 0.3087 0.3088 0.3089 0.3090 0.3090 0.3090 0.3090 0.3092 0.3096 0.3099 0.3102 0.3104 0.3107 0.3108 0.3108 0.3107 0.3110 0.3109 0.3108 0.3107 0.3107 0.3107 0.3108 0.3108 0.3108 0.3108 0.3108 0.3108 0.3108 0.3108 0.3108 0.3108 0.3108 0.3108 0.3108 0.3108 0.3108 0.3108 0.3109 0.3109 0.3109 0.3109 0.3109 0.3110 0.3110 0.3111 0.3111 0.3112 0.3112 0.3113 0.3113 0.3114 0.3115 0.3116 0.3116 0.3117 0.3118 0.3118 0.3119 0.3119 0.3120 0.3120
0.0000 0.0000 0.0000 0.0000 0.0000 0.3089 0.3086 0.3075 0.3085 0.3090 0.3091 0.3093 0.3093 0.3093 0.3094 0.3095 0.3098 0.3103 0.3107 0.3111 0.3114 0.3115 0.3114 0.3111 0.3108 0.3108 0.3107 0.3107 0.3107 0.3108 0.3109 0.3109 0.3109 0.3109 0.3109 0.3109 0.3109 0.3109 0.3108 0.3108 0.3108 0.3108 0.3108 0.3109 0.3109 0.3109 0.3109 0.3109 0.3109 0.3109 0.3110 0.3110 0.3110 0.3111 0.3111 0.3111 0.3112 0.3112 0.3113 0.3114 0.3114 0.3115 0.3116 0.3116 0.3117 0.3117 0.3118 0.3119 0.3119 0.3120 0.3120
0.0000 0.0000 0.0000 0.0000 0.0000 0.0000 0.0000 0.0000 0.3097 0.3089 0.3093 0.3097 0.3097 0.3097 0.3097 0.3098 0.3101 0.3110 0.3116 0.3119 0.3122 0.3122 0.3119 0.3113 0.3108 0.3105 0.3104 0.3106 0.3108 0.3110 0.3111 0.3111 0.3110 0.3110 0.3110 0.3110 0.3109 0.3109 0.3109 0.3109 0.3109 0.3109 0.3109 0.3109 0.3109 0.3109 0.3109 0.3110 0.3110 0.3110 0.3110 0.3110 0.3111 0.3111 0.3111 0.3112 0.3112 0.3113 0.3113 0.3114 0.3114 0.3115 0.3115 0.3116 0.3117 0.3117 0.3118 0.3119 0.3119 0.3120 0.3120
0.0000 0.0000 0.0000 0.0000 0.0000 0.0000 0.0000 0.0000 0.0000 0.0000 0.3102 0.3100 0.3099 0.3099 0.3099 0.3099 0.3098 0.3114 0.3123 0.3126 0.3128 0.3128 0.3123 0.3116 0.3109 0.3105 0.3105 0.3107 0.3110 0.3112 0.3112 0.3112 0.3111 0.3111 0.3111 0.3110 0.3110 0.3110 0.3109 0.3109 0.3109 0.3109 0.3109 0.3109 0.3110 0.3110 0.3110 0.3110 0.3110 0.3110 0.3110 0.3111 0.3111 0.3111 0.3111 0.3112 0.3112 0.3113 0.3113 0.3114 0.3114 0.3115 0.3115 0.3116 0.3117 0.3117 0.3118 0.3119 0.3119 0.3120 0.3120
0.0000 0.0000 0.0000 0.0000 0.0000 0.0000 0.0000 0.0000 0.0000 0.0000 0.3102 0.3100 0.3100 0.3100 0.3100 0.3100 0.0000 0.3126 0.3127 0.3128 0.3130 0.3131 0.3124 0.3119 0.3112 0.3109 0.3108 0.3110 0.3112 0.3113 0.3113 0.3113 0.3112 0.3112 0.3111 0.3111 0.3110 0.3110 0.3110 0.3110 0.3110 0.3110 0.3110 0.3110 0.3110 0.3110 0.3110 0.3110 0.3110 0.3111 0.3111 0.3111 0.3111 0.3111 0.3112 0.3112 0.3112 0.3113 0.3113 0.3114 0.3114 0.3115 0.3115 0.3116 0.3117 0.3117 0.3118 0.3118 0.3119 0.3120 0.3120
0.0000 0.0000 0.0000 0.0000 0.0000 0.0000 0.0000 0.0000 0.0000 0.3102 0.3101 0.3100 0.3100 0.3100 0.0000 0.0000 0.0000 0.0000 0.0000 0.0000 0.0000 0.0000 0.3124 0.3123 0.3115 0.3113 0.3113 0.3114 0.3113 0.3113 0.3114 0.3113 0.3112 0.3112 0.3111 0.3111 0.3111 0.3110 0.3110 0.3110 0.3110 0.3110 0.3110 0.3110 0.3110 0.3110 0.3111 0.3111 0.3111 0.3111 0.3111 0.3111 0.3111 0.3111 0.3112 0.3112 0.3112 0.3113 0.3113 0.3114 0.3114 0.3115 0.3115 0.3116 0.3116 0.3117 0.3118 0.3118 0.3119 0.3119 0.3120
0.0000 0.0000 0.0000 0.0000 0.0000 0.0000 0.0000 0.0000 0.0000 0.3102 0.3102 0.3102 0.3101 0.0000 0.0000 0.0000 0.0000 0.0000 0.0000 0.0000 0.0000 0.0000 0.0000 0.0000 0.3115 0.3114 0.3114 0.3114 0.3114 0.3113 0.3113 0.3113 0.3113 0.3112 0.3112 0.3111 0.3111 0.3111 0.3110 0.3110 0.3110 0.3110 0.3110 0.3110 0.3111 0.3111 0.3111 0.3111 0.3111 0.3111 0.3111 0.3111 0.3111 0.3112 0.3112 0.3112 0.3112 0.3113 0.3113 0.3113 0.3114 0.3115 0.3115 0.3116 0.3116 0.3117 0.3118 0.3118 0.3119 0.3119 0.3120
0.0000 0.0000 0.0000 0.0000 0.0000 0.0000 0.0000 0.3104 0.3103 0.3103 0.3103 0.3102 0.0000 0.0000 0.0000 0.0000 0.0000 0.0000 0.0000 0.0000 0.0000 0.0000 0.0000 0.0000 0.0000 0.0000 0.0000 0.0000 0.3114 0.0000 0.3113 0.3113 0.3113 0.3112 0.3112 0.3112 0.3111 0.3111 0.3110 0.3111 0.3110 0.3110 0.3110 0.3111 0.3111 0.3111 0.3111 0.3111 0.3111 0.3111 0.3111 0.3111 0.3112 0.3112 0.3112 0.3112 0.3112 0.3112 0.3113 0.3113 0.3114 0.3114 0.3115 0.3116 0.3116 0.3117 0.3117 0.3118 0.3119 0.3119 0.3120
0.0000 0.0000 0.0000 0.0000 0.0000 0.0000 0.0000 0.3104 0.3104 0.3103 0.3103 0.0000 0.0000 0.0000 0.0000 0.0000 0.0000 0.0000 0.0000 0.0000 0.0000 0.0000 0.0000 0.0000 0.0000 0.0000 0.0000 0.0000 0.0000 0.0000 0.0000 0.0000 0.3113 0.0000 0.3112 0.3112 0.3111 0.3110 0.3110 0.3111 0.3110 0.3110 0.3110 0.3111 0.3111 0.3112 0.3112 0.3112 0.3112 0.3112 0.3112 0.3112 0.3112 0.3112 0.3112 0.3112 0.3112 0.3112 0.3113 0.3113 0.3114 0.3114 0.3115 0.3115 0.3116 0.3117 0.3117 0.3118 0.3119 0.3119 0.3120
0.0000 0.0000 0.0000 0.0000 0.0000 0.0000 0.3104 0.3104 0.3104 1.3104 1.3104 0.0000 0.0000 0.0000 0.0000 0.0000 0.0000 0.0000 0.0000 0.0000 0.0000 0.0000 0.0000 0.0000 0.0000 0.0000 0.0000 0.0000 0.0000 0.0000 0.0000 0.0000 0.0000 0.0000 0.0000 0.0000 0.0000 0.0000 0.3112 0.3111 0.3110 0.3108 0.3110 0.3111 0.3112 0.3112 0.3112 0.3112 0.3112 0.3112 0.3112 0.3112 0.3112 0.3112 0.3112 0.3112 0.3112 0.3112 0.3112 0.3113 0.3113 0.3114 0.3114 0.3115 0.3116 0.3116 0.3117 0.3118 0.3118 0.3119 0.3120
0.0000 0.0000 0.0000 0.0000 0.0000 0.0000 0.3104 0.3104 0.3104 0.3104 0.0000 0.0000 0.0000 0.0000 0.0000 0.0000 0.0000 0.0000 0.0000 0.0000 0.0000 0.0000 0.0000 0.0000 0.0000 0.0000 0.0000 0.0000 0.0000 0.0000 0.0000 0.0000 0.0000 0.0000 0.0000 0.0000 0.0000 0.0000 0.0000 0.0000 0.0000 0.0000 0.3111 0.3112 0.3112 0.3112 0.3112 0.3112 0.3112 0.3112 0.3112 0.3112 0.3111 0.3111 0.3111 0.3112 0.3112 0.3112 0.3112 0.3112 0.3113 0.3113 0.3114 0.3115 0.3115 0.3116 0.3117 0.3118 0.3118 0.3119 0.3120
0.0000 0.0000 0.0000 0.0000 0.0000 0.3105 0.3105 0.3105 0.3104 0.0000 0.0000 0.0000 0.0000 0.0000 0.0000 0.0000 0.0000 0.0000 0.0000 0.0000 0.0000 0.0000 0.0000 0.0000 0.0000 0.0000 0.0000 0.0000 0.0000 0.0000 0.0000 0.0000 0.0000 0.0000 0.0000 0.0000 0.0000 0.0000 0.0000 0.0000 0.0000 0.0000 0.0000 0.3112 0.3113 0.3113 0.3113 0.3113 0.3112 0.3112 0.3112 0.3112 0.3111 0.3111 0.3111 0.3111 0.3111 0.3111 0.3112 0.3112 0.3113 0.3113 0.3114 0.3114 0.3115 0.3116 0.3116 0.3117 0.3118 0.3119 0.3120
0.0000 0.0000 0.0000 0.0000 0.3105 0.3105 0.3105 0.3105 1.3105 0.0000 0.0000 0.0000 0.0000 0.0000 0.0000 0.0000 0.0000 0.0000 0.0000 0.0000 0.0000 0.0000 0.0000 0.0000 0.0000 0.0000 0.0000 0.0000 0.0000 0.0000 0.0000 0.0000 0.0000 0.0000 0.0000 0.0000 0.0000 0.0000 0.0000 0.0000 0.0000 0.0000 0.0000 0.0000 0.3113 0.3113 0.3113 0.3113 0.3112 0.3112 0.3112 0.3111 0.3111 0.3111 0.3111 0.3111 0.3111 0.3111 0.3111 0.3112 0.3112 0.3113 0.3113 0.3114 0.3114 0.3115 0.3116 0.3117 0.3118 0.3119 0.3120
0.0000 0.0000 0.0000 0.3106 0.3106 0.3105 0.3105 0.3105 0.0000 0.0000 0.0000 0.0000 0.0000 0.0000 0.0000 0.0000 0.0000 0.0000 0.0000 0.0000 0.0000 0.0000 0.0000 0.0000 0.0000 0.0000 0.0000 0.0000 0.0000 0.0000 0.0000 0.0000 0.0000 0.0000 0.0000 0.0000 0.0000 0.0000 0.0000 0.0000 0.0000 0.0000 0.0000 0.0000 0.0000 0.3113 0.3113 0.3113 0.3112 0.3112 0.3111 0.3111 0.3111 0.3111 0.3111 0.3110 0.3110 0.3110 0.3111 0.3111 0.3111 0.3112 0.3113 0.3113 0.3114 0.3114 0.3115 0.3116 0.3118 0.3119 0.3119
0.0000 0.0000 1.3106 0.3106 0.3106 0.3106 0.3105 0.0000 0.0000 0.0000 0.0000 0.0000 0.0000 0.0000 0.0000 0.0000 0.0000 0.0000 0.0000 0.0000 0.0000 0.0000 0.0000 0.0000 0.0000 0.0000 0.0000 0.0000 0.0000 0.0000 0.0000 0.0000 0.0000 0.0000 0.0000 0.0000 0.0000 0.0000 0.0000 0.0000 0.0000 0.0000 0.0000 0.0000 0.0000 0.3113 0.3113 0.3112 0.3112 0.3111 0.3111 0.3111 0.3110 0.3110 0.3110 0.3110 0.3110 0.3110 0.3110 0.3110 0.3111 0.3111 0.3112 0.3112 0.3113 0.3113 0.3114 0.3116 0.3118 0.3119 0.3119
0.0000 0.3106 0.3106 0.3106 0.3106 0.3106 0.0000 0.0000 0.0000 0.0000 0.0000 0.0000 0.0000 0.0000 0.0000 0.0000 0.0000 0.0000 0.0000 0.0000 0.0000 0.0000 0.0000 0.0000 0.0000 0.0000 0.0000 0.0000 0.0000 0.0000 0.0000 0.0000 0.0000 0.0000 0.0000 0.0000 0.0000 0.0000 0.0000 0.0000 0.0000 0.0000 0.0000 0.0000 0.0000 0.3113 0.3112 0.3112 0.3111 0.3111 0.3111 0.3110 0.3110 0.3110 0.3110 0.3109 0.3109 0.3109 0.3109 0.3109 0.3110 0.3111 0.3111 0.3111 0.3112 0.3112 0.3113 0.3114 0.3117 0.3119 0.3119
0.0000 0.3106 0.3106 0.3106 0.3106 0.3106 0.0000 0.0000 0.0000 0.0000 0.0000 0.0000 0.0000 0.0000 0.0000 0.0000 0.0000 0.0000 0.0000 0.0000 0.0000 0.0000 0.0000 0.0000 0.0000 0.0000 0.0000 0.0000 0.0000 0.0000 0.0000 0.0000 0.0000 0.0000 0.0000 0.0000 0.0000 0.0000 0.0000 0.0000 0.0000 0.0000 0.0000 0.0000 0.0000 0.0000 0.3110 0.3111 0.3110 0.3110 0.3110 0.3110 0.3109 0.3109 0.3109 0.3109 0.3108 0.3108 0.3108 0.3108 0.3109 0.3111 0.3111 1.3111 0.3112 1.3112 0.0000 0.0000 0.3120 0.3119 1.3119
0.3106 0.3106 0.3106 0.3106 0.0000 0.0000 0.0000 0.0000 0.0000 0.0000 0.0000 0.0000 0.0000 0.0000 0.0000 0.0000 0.0000 0.0000 0.0000 0.0000 0.0000 0.0000 0.0000 0.0000 0.0000 0.0000 0.0000 0.0000 0.0000 0.0000 0.0000 0.0000 0.0000 0.0000 0.0000 0.0000 0.0000 0.0000 0.0000 0.0000 0.0000 0.0000 0.0000 0.0000 0.0000 0.0000 0.3109 0.3109 0.3109 0.3109 0.3109 0.3109 0.3109 0.3109 0.3108 0.3108 0.3107 0.3107 0.3106 0.3105 0.3107 1.3111 1.3111 2.3111 0.0000 0.0000 0.0000 0.0000 0.0000 0.0000 0.0000
0.0000 0.3106 0.3106 0.3106 0.0000 0.0000 0.0000 0.0000 0.0000 0.0000 0.0000 0.0000 0.0000 0.0000 0.0000 0.0000 0.0000 0.0000 0.0000 0.0000 0.0000 0.0000 0.0000 0.0000 0.0000 0.0000 0.0000 0.0000 0.0000 0.0000 0.0000 0.0000 0.0000 0.0000 0.0000 0.0000 0.0000 0.0000 0.0000 0.0000 0.0000 0.0000 0.0000 0.0000 0.0000 0.3107 0.3107 0.3108 0.3108 0.3109 0.3108 0.3108 0.3108 0.3108 0.3108 0.3107 0.3107 0.3106 0.3104 1.3104 0.0000 0.0000 0.0000 0.0000 0.0000 0.0000 0.0000 0.0000 0.0000 0.0000 0.0000
0.0000 0.3106 0.3106 0.0000 0.0000 0.0000 0.0000 0.0000 0.0000 0.0000 0.0000 0.0000 0.0000 0.0000 0.0000 0.0000 0.0000 0.0000 0.0000 0.0000 0.0000 0.0000 0.0000 0.0000 0.0000 0.0000 0.0000 0.0000 0.0000 0.0000 0.0000 0.0000 0.0000 0.0000 0.0000 0.0000 0.0000 0.0000 0.0000 0.0000 0.0000 0.0000 0.0000 0.0000 0.0000 0.3107 0.3107 0.3107 0.3108 0.3108 0.3108 0.3108 0.3108 0.3107 0.3107 0.3107 0.3106 0.3106 0.3104 0.0000 0.0000 0.0000 0.0000 0.0000 0.0000 0.0000 0.0000 0.0000 0.0000 0.0000 0.0000
0.0000 0.0000 0.0000 0.0000 0.0000 0.0000 0.0000 0.0000 0.0000 0.0000 0.0000 0.0000 0.0000 0.0000 0.0000 0.0000 0.0000 0.0000 0.0000 0.0000 0.0000 0.0000 0.0000 0.0000 0.0000 0.0000 0.0000 0.0000 0.0000 0.0000 0.0000 0.0000 0.0000 0.0000 0.0000 0.0000 0.0000 0.0000 0.0000 0.0000 0.0000 0.0000 0.0000 0.0000 0.3105 0.3105 0.3106 0.3107 0.3107 0.3107 0.3107 0.3107 0.3107 0.3107 0.3106 0.3106 0.3106 0.3105 1.3105 0.0000 0.0000 0.0000 0.0000 0.0000 0.0000 0.0000 0.0000 0.0000 0.0000 0.0000 0.0000
0.0000 0.0000 0.0000 0.0000 0.0000 0.0000 0.0000 0.0000 0.0000 0.0000 0.0000 0.0000 0.0000 0.0000 0.0000 0.0000 0.0000 0.0000 0.0000 0.0000 0.0000 0.0000 0.0000 0.0000 0.0000 0.0000 0.0000 0.0000 0.0000 0.0000 0.0000 0.0000 0.0000 0.0000 0.0000 0.0000 0.0000 0.0000 0.0000 0.0000 0.0000 0.0000 0.0000 0.0000 0.3105 0.3105 0.3106 0.3106 0.3106 0.3106 0.3106 0.3106 0.3106 0.3106 0.3106 0.3106 0.3106 0.3105 0.0000 0.0000 0.0000 0.0000 0.0000 0.0000 0.0000 0.0000 0.0000 0.0000 0.0000 0.0000 0.0000
0.0000 0.0000 0.0000 0.0000 0.0000 0.0000 0.0000 0.0000 0.0000 0.0000 0.0000 0.0000 0.0000 0.0000 0.0000 0.0000 0.0000 0.0000 0.0000 0.0000 0.0000 0.0000 0.0000 0.0000 0.0000 0.0000 0.0000 0.0000 0.0000 0.0000 0.0000 0.0000 0.0000 0.0000 0.0000 0.0000 0.0000 0.0000 0.0000 0.0000 0.0000 0.0000 0.0000 0.3104 0.3104 0.3105 0.3105 0.3105 0.3106 0.3106 0.3106 0.3106 0.3106 0.3106 0.3106 0.3106 0.3106 0.3106 0.0000 0.0000 0.0000 0.0000 0.0000 0.0000 0.0000 0.0000 0.0000 0.0000 0.0000 0.0000 0.0000
0.0000 0.0000 0.0000 0.0000 0.0000 0.0000 0.0000 0.0000 0.0000 0.0000 0.0000 0.0000 0.0000 0.0000 0.0000 0.0000 0.0000 0.0000 0.0000 0.0000 0.0000 0.0000 0.0000 0.0000 0.0000 0.0000 0.0000 0.0000 0.0000 0.0000 0.0000 0.0000 0.0000 0.0000 0.0000 0.0000 0.0000 0.0000 0.0000 0.0000 0.0000 0.0000 0.3105 0.3104 0.3104 0.3104 0.3105 0.3105 0.3105 0.3105 0.3105 0.3106 0.3106 0.3106 0.3106 0.3106 0.3105 1.3106 0.0000 0.0000 0.0000 0.0000 0.0000 0.0000 0.0000 0.0000 0.0000 0.0000 0.0000 0.0000 0.0000
0.0000 0.0000 0.0000 0.0000 0.0000 0.0000 0.0000 0.0000 0.0000 0.0000 0.0000 0.0000 0.0000 0.0000 0.0000 0.0000 0.0000 0.0000 0.0000 0.0000 0.0000 0.0000 0.0000 0.0000 0.0000 0.0000 0.0000 0.0000 0.0000 0.0000 0.0000 0.0000 0.0000 0.0000 0.0000 0.0000 0.0000 0.0000 0.0000 0.0000 0.0000 0.0000 0.3105 0.3104 0.3104 0.3104 0.3104 0.3105 0.3105 0.3105 0.3105 0.3105 0.3105 0.3105 0.3105 0.3105 1.3105 0.0000 0.0000 0.0000 0.0000 0.0000 0.0000 0.0000 0.0000 0.0000 0.0000 0.0000 0.0000 0.0000 0.0000
0.0000 0.0000 0.0000 0.0000 0.0000 0.0000 0.0000 0.0000 0.0000 0.0000 0.0000 0.0000 0.0000 0.0000 0.0000 0.0000 0.0000 0.0000 0.0000 0.0000 0.0000 0.0000 0.0000 0.0000 0.0000 0.0000 0.0000 0.0000 0.0000 0.0000 0.0000 0.0000 0.0000 0.0000 0.0000 0.0000 0.0000 0.0000 0.0000 0.0000 0.0000 0.0000 0.3103 0.3104 0.3104 0.3104 0.3104 0.3104 0.3104 0.3104 0.3105 0.3105 0.3105 0.3105 0.3105 1.3105 1.3105 0.0000 0.0000 0.0000 0.0000 0.0000 0.0000 0.0000 0.0000 0.0000 0.0000 0.0000 0.0000 0.0000 0.0000
