example/data/train/2B/dm1d0002.asc
ncols              302
nrows              262
xllcorner        167177.500
yllcorner       2549279.500
cellsize              1.000
NODATA_value       -999.9990
[rows 32 to 63 of 262, columns 142 to 212 of 302]
0.3544 0.3544 0.3545 0.3545 0.3546 0.3546 0.3545 0.3544 0.3542 0.3539 0.3534 0.3528 0.3522 0.3516 0.3511 0.3509 0.3507 0.3506 0.3505 0.3504 0.3504 0.3503 0.3498 0.3496 0.3459 0.3418 0.2213 0.3609 0.3599 0.3594 0.3596 0.3600 0.3603 0.3604 0.3606 0.3607 0.3607 0.3608 0.3608 0.3608 0.3608 0.3608 0.3608 0.3608 0.3608 0.3608 0.3608 0.3608 0.3608 0.3608 0.3608 0.3608 0.3608 0.3609 0.3609 0.3610 0.3610 0.3612 0.3613 0.3614 0.3616 0.3618 0.3621 0.3623 0.3626 0.3629 0.3633 1.3639 1.3638 1.3637 0.3640
0.3545 0.3545 0.3545 0.3546 0.3546 0.3546 0.3545 0.3544 0.3541 0.3537 0.3532 0.3525 0.3518 0.3512 0.3510 0.3510 0.3510 0.3508 0.3506 0.3505 0.3505 0.3503 0.3496 0.3502 0.3477 0.3502 0.3301 0.3180 0.3570 0.3588 0.3595 0.3600 0.3603 0.3605 0.3606 0.3607 0.3608 0.3608 0.3609 0.3609 0.3609 0.3609 0.3609 0.3609 0.3609 0.3609 0.3609 0.3609 0.3609 0.3610 0.3610 0.3610 0.3610 0.3610 0.3611 0.3612 0.3612 0.3613 0.3615 0.3616 0.3618 0.3620 0.3622 0.3624 0.3626 0.3628 0.3628 1.3640 1.3641 1.3643 1.3642
0.3546 0.3545 0.3545 0.3546 0.3546 0.3546 0.3545 0.3544 0.3542 0.3538 0.3533 0.3527 0.3520 0.3514 0.3512 0.3512 0.3511 0.3509 0.3506 0.3504 0.3506 0.3506 0.3502 0.3504 0.3501 0.3555 0.3555 0.3536 0.3547 0.3582 0.3594 0.3600 0.3604 0.3606 0.3607 0.3608 0.3609 0.3609 0.3610 0.3610 0.3610 0.3610 0.3610 0.3610 0.3611 0.3611 0.3611 0.3611 0.3611 0.3611 0.3611 0.3611 0.3612 0.3612 0.3613 0.3613 0.3614 0.3615 0.3616 0.3618 0.3619 0.3621 0.3623 0.3625 0.3627 0.3628 0.3628 0.3628 1.3642 1.3643 1.3644
0.3546 0.3544 0.3545 0.3546 0.3546 0.3546 0.3546 0.3545 0.3544 0.3541 0.3537 0.3532 0.3527 0.3521 0.3518 0.3515 0.3513 0.3509 0.3506 0.3505 0.3510 0.3513 0.3510 0.3523 0.3554 0.3576 0.3576 0.3597 0.3572 0.3591 0.3599 0.3603 0.3606 0.3607 0.3609 0.3609 0.3610 0.3610 0.3611 0.3611 0.3611 0.3611 0.3611 0.3612 0.3612 0.3612 0.3612 0.3612 0.3612 0.3612 0.3613 0.3613 0.3613 0.3614 0.3614 0.3615 0.3616 0.3617 0.3618 0.3619 0.3621 0.3622 0.3624 0.3625 0.3627 0.3628 0.3630 0.3631 0.3632 0.3635 1.3644
0.3546 0.3540 0.3543 0.3547 0.3545 0.3546 0.3548 0.3546 0.3546 0.3545 0.3543 0.3540 0.3537 0.3533 0.3530 0.3527 0.3525 0.3523 0.3522 0.3523 0.3528 0.3534 0.3540 0.3563 0.3578 0.3584 0.3611 0.3610 0.3602 0.3601 0.3603 0.3606 0.3608 0.3609 0.3610 0.3611 0.3611 0.3612 0.3612 0.3612 0.3612 0.3612 0.3612 0.3613 0.3613 0.3613 0.3613 0.3613 0.3613 0.3614 0.3614 0.3614 0.3615 0.3615 0.3616 0.3616 0.3617 0.3618 0.3619 0.3620 0.3622 0.3623 0.3625 0.3626 0.3628 0.3629 0.3631 0.3632 0.3634 0.3636 0.3636
0.3543 0.3521 0.3540 0.3552 0.3543 0.3546 0.3551 0.3547 0.3549 0.3551 0.3551 0.3550 0.3549 0.3547 0.3545 0.3545 0.3546 0.3548 0.3552 0.3556 0.3561 0.3568 0.3579 0.3583 0.3583 0.3597 0.3609 0.3606 0.3605 0.3605 0.3607 0.3609 0.3610 0.3611 0.3612 0.3612 0.3613 0.3613 0.3613 0.3613 0.3613 0.3613 0.3613 0.3614 0.3614 0.3614 0.3614 0.3614 0.3615 0.3615 0.3615 0.3616 0.3616 0.3616 0.3617 0.3618 0.3618 0.3619 0.3620 0.3621 0.3623 0.3624 0.3625 0.3627 0.3628 0.3630 0.3631 0.3633 0.3634 0.3636 0.3637
0.0000 0.0000 0.3562 0.3554 0.3520 0.3544 0.3560 0.3546 0.3552 0.3558 0.3561 0.3562 0.3562 0.3562 0.3562 0.3564 0.3570 0.3578 0.3586 0.3593 0.3600 0.3603 0.3600 0.3591 0.3587 0.3597 0.3600 0.3602 0.3605 0.3608 0.3610 0.3612 0.3613 0.3613 0.3614 0.3614 0.3614 0.3614 0.3614 0.3614 0.3614 0.3614 0.3614 0.3615 0.3615 0.3615 0.3615 0.3615 0.3616 0.3616 0.3616 0.3617 0.3617 0.3618 0.3618 0.3619 0.3619 0.3620 0.3621 0.3622 0.3624 0.3625 0.3626 0.3627 0.3629 0.3630 0.3632 0.3633 0.3635 0.3636 0.3638
0.0000 0.0000 0.0000 0.0000 0.0000 0.3575 0.3561 0.3514 0.3552 0.3568 0.3571 0.3575 0.3576 0.3577 0.3578 0.3581 0.3591 0.3607 0.3619 0.3629 0.3633 0.3630 0.3617 0.3597 0.3587 0.3584 0.3590 0.3597 0.3605 0.3611 0.3614 0.3615 0.3615 0.3615 0.3615 0.3615 0.3615 0.3615 0.3615 0.3615 0.3615 0.3615 0.3615 0.3615 0.3616 0.3616 0.3616 0.3616 0.3617 0.3617 0.3617 0.3618 0.3618 0.3619 0.3619 0.3620 0.3620 0.3621 0.3622 0.3623 0.3624 0.3625 0.3627 0.3628 0.3629 0.3631 0.3632 0.3634 0.3635 0.3636 0.3638
0.0000 0.0000 0.0000 0.0000 0.0000 0.0000 0.0000 0.0000 0.3599 0.3564 0.3577 0.3588 0.3589 0.3590 0.3591 0.3594 0.3607 0.3633 0.3649 0.3659 0.3662 0.3654 0.3632 0.3604 0.3583 0.3576 0.3583 0.3597 0.3608 0.3614 0.3617 0.3617 0.3617 0.3617 0.3617 0.3616 0.3616 0.3616 0.3616 0.3616 0.3616 0.3616 0.3616 0.3616 0.3617 0.3617 0.3617 0.3617 0.3618 0.3618 0.3618 0.3619 0.3619 0.3620 0.3620 0.3621 0.3621 0.3622 0.3623 0.3624 0.3625 0.3626 0.3627 0.3628 0.3630 0.3631 0.3633 0.3634 0.3635 0.3637 0.3638
0.0000 0.0000 0.0000 0.0000 0.0000 0.0000 0.0000 0.0000 0.0000 0.0000 0.3605 0.3600 0.3600 0.3601 0.3601 0.3602 0.3605 0.3648 0.3673 0.3680 0.3681 0.3674 0.3645 0.3615 0.3589 0.3581 0.3590 0.3602 0.3613 0.3618 0.3620 0.3620 0.3619 0.3618 0.3618 0.3617 0.3617 0.3617 0.3617 0.3617 0.3617 0.3617 0.3617 0.3617 0.3617 0.3618 0.3618 0.3618 0.3619 0.3619 0.3619 0.3620 0.3620 0.3620 0.3621 0.3621 0.3622 0.3623 0.3624 0.3624 0.3625 0.3626 0.3628 0.3629 0.3630 0.3631 0.3633 0.3634 0.3635 0.3637 0.3638
0.0000 0.0000 0.0000 0.0000 0.0000 0.0000 0.0000 0.0000 0.0000 0.0000 0.3604 0.3598 0.3601 0.3602 0.3602 0.3602 0.0000 0.3680 0.3683 0.3687 0.3689 0.3682 0.3648 0.3627 0.3606 0.3600 0.3603 0.3610 0.3617 0.3621 0.3622 0.3621 0.3620 0.3620 0.3619 0.3618 0.3618 0.3618 0.3617 0.3617 0.3617 0.3617 0.3617 0.3618 0.3618 0.3619 0.3619 0.3619 0.3620 0.3620 0.3620 0.3621 0.3621 0.3621 0.3622 0.3622 0.3623 0.3623 0.3624 0.3625 0.3626 0.3627 0.3628 0.3629 0.3630 0.3632 0.3633 0.3634 0.3636 0.3637 0.3638
0.0000 0.0000 0.0000 0.0000 0.0000 0.0000 0.0000 0.0000 0.0000 0.3604 0.3603 0.3600 0.3602 0.3602 0.0000 0.0000 0.0000 0.0000 0.0000 0.0000 0.0000 0.0000 0.3647 0.3645 0.3621 0.3616 0.3617 0.3618 0.3617 0.3621 0.3622 0.3622 0.3621 0.3620 0.3619 0.3619 0.3618 0.3618 0.3618 0.3618 0.3618 0.3618 0.3618 0.3618 0.3619 0.3619 0.3620 0.3620 0.3621 0.3621 0.3621 0.3621 0.3622 0.3622 0.3622 0.3623 0.3623 0.3624 0.3624 0.3625 0.3626 0.3627 0.3628 0.3629 0.3630 0.3632 0.3633 0.3634 0.3636 0.3637 0.3638
0.0000 0.0000 0.0000 0.0000 0.0000 0.0000 0.0000 0.0000 0.0000 0.3604 0.3604 0.3604 0.3604 0.0000 0.0000 0.0000 0.0000 0.0000 0.0000 0.0000 0.0000 0.0000 0.0000 0.0000 0.3621 0.3621 0.3621 0.3618 0.3617 0.3620 0.3621 0.3621 0.3621 0.3620 0.3620 0.3619 0.3619 0.3618 0.3618 0.3618 0.3618 0.3618 0.3618 0.3619 0.3620 0.3620 0.3621 0.3621 0.3621 0.3622 0.3622 0.3622 0.3622 0.3623 0.3623 0.3623 0.3624 0.3624 0.3625 0.3625 0.3626 0.3627 0.3628 0.3629 0.3630 0.3632 0.3633 0.3634 0.3636 0.3637 0.3638
0.0000 0.0000 0.0000 0.0000 0.0000 0.0000 0.0000 0.3607 0.3607 0.3606 0.3606 0.3606 0.0000 0.0000 0.0000 0.0000 0.0000 0.0000 0.0000 0.0000 0.0000 0.0000 0.0000 0.0000 0.0000 0.0000 0.0000 0.0000 0.3617 0.0000 0.3622 0.3621 0.3621 0.3619 0.3620 0.3620 0.3619 0.3618 0.3618 0.3619 0.3618 0.3618 0.3619 0.3619 0.3620 0.3621 0.3621 0.3622 0.3622 0.3623 0.3623 0.3623 0.3623 0.3623 0.3623 0.3624 0.3624 0.3624 0.3625 0.3626 0.3626 0.3627 0.3628 0.3629 0.3630 0.3632 0.3633 0.3634 0.3636 0.3637 0.3638
0.0000 0.0000 0.0000 0.0000 0.0000 0.0000 0.0000 0.3607 0.3607 0.3606 0.3606 0.0000 0.0000 0.0000 0.0000 0.0000 0.0000 0.0000 0.0000 0.0000 0.0000 0.0000 0.0000 0.0000 0.0000 0.0000 0.0000 0.0000 0.0000 0.0000 0.0000 0.0000 0.3621 0.0000 0.3621 0.3620 0.3619 0.3616 0.3618 0.3619 0.3618 0.3617 0.3618 0.3620 0.3621 0.3622 0.3622 0.3623 0.3623 0.3623 0.3623 0.3623 0.3624 0.3624 0.3624 0.3624 0.3624 0.3625 0.3625 0.3626 0.3626 0.3627 0.3628 0.3629 0.3630 0.3632 0.3633 0.3634 0.3636 0.3637 0.3638
0.0000 0.0000 0.0000 0.0000 0.0000 0.0000 0.3608 0.3607 0.3607 1.3607 1.3607 0.0000 0.0000 0.0000 0.0000 0.0000 0.0000 0.0000 0.0000 0.0000 0.0000 0.0000 0.0000 0.0000 0.0000 0.0000 0.0000 0.0000 0.0000 0.0000 0.0000 0.0000 0.0000 0.0000 0.0000 0.0000 0.0000 0.0000 0.3621 0.3620 0.3618 0.3612 0.3617 0.3620 0.3622 0.3623 0.3623 0.3624 0.3624 0.3624 0.3624 0.3624 0.3624 0.3624 0.3624 0.3624 0.3624 0.3625 0.3625 0.3625 0.3626 0.3627 0.3628 0.3629 0.3630 0.3631 0.3633 0.3634 0.3636 0.3637 0.3638
0.0000 0.0000 0.0000 0.0000 0.0000 0.0000 0.3608 0.3608 0.3607 0.3607 0.0000 0.0000 0.0000 0.0000 0.0000 0.0000 0.0000 0.0000 0.0000 0.0000 0.0000 0.0000 0.0000 0.0000 0.0000 0.0000 0.0000 0.0000 0.0000 0.0000 0.0000 0.0000 0.0000 0.0000 0.0000 0.0000 0.0000 0.0000 0.0000 0.0000 0.0000 0.0000 0.3620 0.3621 0.3623 0.3624 0.3625 0.3625 0.3625 0.3625 0.3625 0.3625 0.3624 0.3624 0.3624 0.3624 0.3624 0.3625 0.3625 0.3625 0.3626 0.3627 0.3627 0.3628 0.3630 0.3631 0.3632 0.3634 0.3635 0.3637 0.3638
0.0000 0.0000 0.0000 0.0000 0.0000 0.3608 0.3608 0.3608 0.3608 0.0000 0.0000 0.0000 0.0000 0.0000 0.0000 0.0000 0.0000 0.0000 0.0000 0.0000 0.0000 0.0000 0.0000 0.0000 0.0000 0.0000 0.0000 0.0000 0.0000 0.0000 0.0000 0.0000 0.0000 0.0000 0.0000 0.0000 0.0000 0.0000 0.0000 0.0000 0.0000 0.0000 0.0000 0.3623 0.3624 0.3625 0.3626 0.3626 0.3626 0.3626 0.3625 0.3625 0.3625 0.3625 0.3624 0.3624 0.3624 0.3624 0.3625 0.3625 0.3625 0.3626 0.3627 0.3628 0.3629 0.3630 0.3632 0.3633 0.3635 0.3637 0.3638
0.0000 0.0000 0.0000 0.0000 0.3609 0.3608 0.3608 0.3608 1.3608 0.0000 0.0000 0.0000 0.0000 0.0000 0.0000 0.0000 0.0000 0.0000 0.0000 0.0000 0.0000 0.0000 0.0000 0.0000 0.0000 0.0000 0.0000 0.0000 0.0000 0.0000 0.0000 0.0000 0.0000 0.0000 0.0000 0.0000 0.0000 0.0000 0.0000 0.0000 0.0000 0.0000 0.0000 0.0000 0.3625 0.3626 0.3627 0.3627 0.3627 0.3626 0.3626 0.3625 0.3625 0.3625 0.3624 0.3624 0.3624 0.3624 0.3624 0.3624 0.3625 0.3625 0.3626 0.3627 0.3628 0.3630 0.3631 0.3633 0.3635 0.3637 0.3638
0.0000 0.0000 0.0000 0.3609 0.3609 0.3609 0.3608 0.3608 0.0000 0.0000 0.0000 0.0000 0.0000 0.0000 0.0000 0.0000 0.0000 0.0000 0.0000 0.0000 0.0000 0.0000 0.0000 0.0000 0.0000 0.0000 0.0000 0.0000 0.0000 0.0000 0.0000 0.0000 0.0000 0.0000 0.0000 0.0000 0.0000 0.0000 0.0000 0.0000 0.0000 0.0000 0.0000 0.0000 0.0000 0.3629 0.3628 0.3628 0.3627 0.3627 0.3626 0.3626 0.3625 0.3625 0.3624 0.3624 0.3624 0.3624 0.3624 0.3624 0.3624 0.3625 0.3625 0.3626 0.3627 0.3628 0.3630 0.3632 0.3634 0.3637 0.3638
0.0000 0.0000 1.3609 0.3609 0.3609 0.3609 0.3609 0.0000 0.0000 0.0000 0.0000 0.0000 0.0000 0.0000 0.0000 0.0000 0.0000 0.0000 0.0000 0.0000 0.0000 0.0000 0.0000 0.0000 0.0000 0.0000 0.0000 0.0000 0.0000 0.0000 0.0000 0.0000 0.0000 0.0000 0.0000 0.0000 0.0000 0.0000 0.0000 0.0000 0.0000 0.0000 0.0000 0.0000 0.0000 0.3629 0.3629 0.3628 0.3628 0.3627 0.3626 0.3626 0.3625 0.3625 0.3624 0.3624 0.3623 0.3623 0.3623 0.3623 0.3623 0.3624 0.3624 0.3625 0.3626 0.3626 0.3628 0.3630 0.3634 0.3637 0.3638
0.0000 0.3609 0.3609 0.3609 0.3609 0.3609 0.0000 0.0000 0.0000 0.0000 0.0000 0.0000 0.0000 0.0000 0.0000 0.0000 0.0000 0.0000 0.0000 0.0000 0.0000 0.0000 0.0000 0.0000 0.0000 0.0000 0.0000 0.0000 0.0000 0.0000 0.0000 0.0000 0.0000 0.0000 0.0000 0.0000 0.0000 0.0000 0.0000 0.0000 0.0000 0.0000 0.0000 0.0000 0.0000 0.3629 0.3629 0.3628 0.3627 0.3627 0.3626 0.3625 0.3625 0.3624 0.3624 0.3623 0.3623 0.3622 0.3622 0.3622 0.3622 0.3623 0.3623 0.3623 0.3624 0.3624 0.3626 0.3626 0.3633 0.3637 0.3638
0.0000 0.3609 0.3609 0.3609 0.3609 0.3609 0.0000 0.0000 0.0000 0.0000 0.0000 0.0000 0.0000 0.0000 0.0000 0.0000 0.0000 0.0000 0.0000 0.0000 0.0000 0.0000 0.0000 0.0000 0.0000 0.0000 0.0000 0.0000 0.0000 0.0000 0.0000 0.0000 0.0000 0.0000 0.0000 0.0000 0.0000 0.0000 0.0000 0.0000 0.0000 0.0000 0.0000 0.0000 0.0000 0.0000 0.3628 0.3628 0.3627 0.3626 0.3626 0.3625 0.3624 0.3624 0.3623 0.3623 0.3622 0.3621 0.3620 0.3620 0.3621 0.3623 0.3623 1.3623 0.3623 1.3623 0.0000 0.0000 0.3639 0.3638 1.3638
0.3609 0.3609 0.3609 0.3609 0.0000 0.0000 0.0000 0.0000 0.0000 0.0000 0.0000 0.0000 0.0000 0.0000 0.0000 0.0000 0.0000 0.0000 0.0000 0.0000 0.0000 0.0000 0.0000 0.0000 0.0000 0.0000 0.0000 0.0000 0.0000 0.0000 0.0000 0.0000 0.0000 0.0000 0.0000 0.0000 0.0000 0.0000 0.0000 0.0000 0.0000 0.0000 0.0000 0.0000 0.0000 0.0000 0.3626 0.3626 0.3626 0.3626 0.3625 0.3625 0.3624 0.3623 0.3623 0.3622 0.3621 0.3620 0.3619 0.3617 0.3618 1.3623 1.3623 2.3623 0.0000 0.0000 0.0000 0.0000 0.0000 0.0000 0.0000
0.0000 0.3609 0.3609 0.3609 0.0000 0.0000 0.0000 0.0000 0.0000 0.0000 0.0000 0.0000 0.0000 0.0000 0.0000 0.0000 0.0000 0.0000 0.0000 0.0000 0.0000 0.0000 0.0000 0.0000 0.0000 0.0000 0.0000 0.0000 0.0000 0.0000 0.0000 0.0000 0.0000 0.0000 0.0000 0.0000 0.0000 0.0000 0.0000 0.0000 0.0000 0.0000 0.0000 0.0000 0.0000 0.3624 0.3624 0.3625 0.3625 0.3625 0.3624 0.3624 0.3623 0.3623 0.3622 0.3621 0.3620 0.3619 0.3618 1.3616 0.0000 0.0000 0.0000 0.0000 0.0000 0.0000 0.0000 0.0000 0.0000 0.0000 0.0000
0.0000 0.3609 0.3609 0.0000 0.0000 0.0000 0.0000 0.0000 0.0000 0.0000 0.0000 0.0000 0.0000 0.0000 0.0000 0.0000 0.0000 0.0000 0.0000 0.0000 0.0000 0.0000 0.0000 0.0000 0.0000 0.0000 0.0000 0.0000 0.0000 0.0000 0.0000 0.0000 0.0000 0.0000 0.0000 0.0000 0.0000 0.0000 0.0000 0.0000 0.0000 0.0000 0.0000 0.0000 0.0000 0.3624 0.3624 0.3624 0.3624 0.3624 0.3624 0.3623 0.3623 0.3622 0.3622 0.3621 0.3620 0.3620 0.3618 0.0000 0.0000 0.0000 0.0000 0.0000 0.0000 0.0000 0.0000 0.0000 0.0000 0.0000 0.0000
0.0000 0.0000 0.0000 0.0000 0.0000 0.0000 0.0000 0.0000 0.0000 0.0000 0.0000 0.0000 0.0000 0.0000 0.0000 0.0000 0.0000 0.0000 0.0000 0.0000 0.0000 0.0000 0.0000 0.0000 0.0000 0.0000 0.0000 0.0000 0.0000 0.0000 0.0000 0.0000 0.0000 0.0000 0.0000 0.0000 0.0000 0.0000 0.0000 0.0000 0.0000 0.0000 0.0000 0.0000 0.3622 0.3622 0.3623 0.3623 0.3623 0.3623 0.3623 0.3623 0.3622 0.3622 0.3621 0.3620 0.3620 0.3619 1.3619 0.0000 0.0000 0.0000 0.0000 0.0000 0.0000 0.0000 0.0000 0.0000 0.0000 0.0000 0.0000
0.0000 0.0000 0.0000 0.0000 0.0000 0.0000 0.0000 0.0000 0.0000 0.0000 0.0000 0.0000 0.0000 0.0000 0.0000 0.0000 0.0000 0.0000 0.0000 0.0000 0.0000 0.0000 0.0000 0.0000 0.0000 0.0000 0.0000 0.0000 0.0000 0.0000 0.0000 0.0000 0.0000 0.0000 0.0000 0.0000 0.0000 0.0000 0.0000 0.0000 0.0000 0.0000 0.0000 0.0000 0.3622 0.3622 0.3622 0.3623 0.3623 0.3623 0.3622 0.3622 0.3622 0.3621 0.3621 0.3620 0.3620 0.3620 0.0000 0.0000 0.0000 0.0000 0.0000 0.0000 0.0000 0.0000 0.0000 0.0000 0.0000 0.0000 0.0000
0.0000 0.0000 0.0000 0.0000 0.0000 0.0000 0.0000 0.0000 0.0000 0.0000 0.0000 0.0000 0.0000 0.0000 0.0000 0.0000 0.0000 0.0000 0.0000 0.0000 0.0000 0.0000 0.0000 0.0000 0.0000 0.0000 0.0000 0.0000 0.0000 0.0000 0.0000 0.0000 0.0000 0.0000 0.0000 0.0000 0.0000 0.0000 0.0000 0.0000 0.0000 0.0000 0.0000 0.3621 0.3621 0.3622 0.3622 0.3622 0.3622 0.3622 0.3622 0.3622 0.3621 0.3621 0.3621 0.3620 0.3620 0.3620 0.0000 0.0000 0.0000 0.0000 0.0000 0.0000 0.0000 0.0000 0.0000 0.0000 0.0000 0.0000 0.0000
0.0000 0.0000 0.0000 0.0000 0.0000 0.0000 0.0000 0.0000 0.0000 0.0000 0.0000 0.0000 0.0000 0.0000 0.0000 0.0000 0.0000 0.0000 0.0000 0.0000 0.0000 0.0000 0.0000 0.0000 0.0000 0.0000 0.0000 0.0000 0.0000 0.0000 0.0000 0.0000 0.0000 0.0000 0.0000 0.0000 0.0000 0.0000 0.0000 0.0000 0.0000 0.0000 0.3622 0.3622 0.3621 0.3621 0.3621 0.3622 0.3622 0.3622 0.3621 0.3621 0.3621 0.3621 0.3621 0.3620 0.3620 1.3620 0.0000 0.0000 0.0000 0.0000 0.0000 0.0000 0.0000 0.0000 0.0000 0.0000 0.0000 0.0000 0.0000
0.0000 0.0000 0.0000 0.0000 0.0000 0.0000 0.0000 0.0000 0.0000 0.0000 0.0000 0.0000 0.0000 0.0000 0.0000 0.0000 0.0000 0.0000 0.0000 0.0000 0.0000 0.0000 0.0000 0.0000 0.0000 0.0000 0.0000 0.0000 0.0000 0.0000 0.0000 0.0000 0.0000 0.0000 0.0000 0.0000 0.0000 0.0000 0.0000 0.0000 0.0000 0.0000 0.3622 0.3621 0.3621 0.3621 0.3621 0.3621 0.3621 0.3621 0.3621 0.3621 0.3621 0.3621 0.3621 0.3620 1.3620 0.0000 0.0000 0.0000 0.0000 0.0000 0.0000 0.0000 0.0000 0.0000 0.0000 0.0000 0.0000 0.0000 0.0000
0.0000 0.0000 0.0000 0.0000 0.0000 0.0000 0.0000 0.0000 0.0000 0.0000 0.0000 0.0000 0.0000 0.0000 0.0000 0.0000 0.0000 0.0000 0.0000 0.0000 0.0000 0.0000 0.0000 0.0000 0.0000 0.0000 0.0000 0.0000 0.0000 0.0000 0.0000 0.0000 0.0000 0.0000 0.0000 0.0000 0.0000 0.0000 0.0000 0.0000 0.0000 0.0000 0.3621 0.3621 0.3621 0.3621 0.3621 0.3621 0.3621 0.3621 0.3621 0.3621 0.3621 0.3621 0.3621 1.3620 1.3620 0.0000 0.0000 0.0000 0.0000 0.0000 0.0000 0.0000 0.0000 0.0000 0.0000 0.0000 0.0000 0.0000 0.0000
