example/data/train/2B/dm1d0002.asc
ncols              302
nrows              262
xllcorner        167177.500
yllcorner       2549279.500
cellsize              1.000
NODATA_value       -999.9990
[rows 0 to 31 of 262, columns 0 to 70 of 302]
-999.9990 -999.9990 -999.9990 -999.9990 -999.9990 -999.9990 -999.9990 -999.9990 -999.9990 -999.9990 -999.9990 -999.9990 -999.9990 -999.9990 -999.9990 -999.9990 -999.9990 -999.9990 -999.9990 -999.9990 -999.9990 -999.9990 -999.9990 -999.9990 -999.9990 -999.9990 -999.9990 -999.9990 -999.9990 -999.9990 -999.9990 -999.9990 -999.9990 -999.9990 -999.9990 -999.9990 -999.9990 -999.9990 -999.9990 -999.9990 -999.9990 -999.9990 -999.9990 -999.9990 -999.9990 -999.9990 -999.9990 -999.9990 -999.9990 -999.9990 -999.9990 -999.9990 -999.9990 -999.9990 -999.9990 -999.9990 -999.9990 -999.9990 -999.9990 -999.9990 -999.9990 -999.9990 -999.9990 -999.9990 -999.9990 -999.9990 -999.9990 -999.9990 -999.9990 -999.9990 -999.9990
-999.9990 0.3569 0.3569 0.3568 0.3566 0.3565 0.3563 0.3561 0.3559 0.3558 0.3556 0.3556 0.3555 0.3555 0.3554 0.3554 0.3554 0.3554 0.3554 0.3553 0.3553 0.3553 0.3553 0.3553 0.3553 0.3552 0.3552 0.3552 0.3552 0.3552 0.3552 0.3551 0.3551 0.3551 0.3551 0.3551 0.3551 0.3550 0.3550 0.3550 0.3550 0.3550 0.3549 0.3549 0.3549 0.3549 0.3549 0.3548 0.3548 0.3548 0.3548 0.3548 0.3547 0.3547 0.3547 0.3547 0.3547 0.3546 0.3546 0.3546 0.3546 0.3546 0.3546 0.3545 0.3545 0.3545 0.3545 0.3545 0.3545 0.3544 0.3544
-999.9990 0.3569 0.3569 0.3568 0.3566 0.3564 0.3562 0.3560 0.3559 0.3557 0.3556 0.3555 0.3555 0.3555 0.3554 0.3554 0.3554 0.3554 0.3554 0.3553 0.3553 0.3553 0.3553 0.3553 0.3553 0.3552 0.3552 0.3552 0.3552 0.3552 0.3552 0.3551 0.3551 0.3551 0.3551 0.3551 0.3551 0.3550 0.3550 0.3550 0.3550 0.3550 0.3549 0.3549 0.3549 0.3549 0.3549 0.3548 0.3548 0.3548 0.3548 0.3548 0.3547 0.3547 0.3547 0.3547 0.3547 0.3546 0.3546 0.3546 0.3546 0.3546 0.3546 0.3545 0.3545 0.3545 0.3545 0.3545 0.3545 0.3544 0.3544
-999.9990 0.3568 0.3568 0.3567 0.3565 0.3563 0.3561 0.3559 0.3558 0.3556 0.3556 0.3555 0.3555 0.3554 0.3554 0.3554 0.3554 0.3554 0.3554 0.3553 0.3553 0.3553 0.3553 0.3553 0.3553 0.3552 0.3552 0.3552 0.3552 0.3552 0.3552 0.3551 0.3551 0.3551 0.3551 0.3551 0.3551 0.3550 0.3550 0.3550 0.3550 0.3550 0.3549 0.3549 0.3549 0.3549 0.3549 0.3548 0.3548 0.3548 0.3548 0.3548 0.3547 0.3547 0.3547 0.3547 0.3547 0.3546 0.3546 0.3546 0.3546 0.3546 0.3546 0.3545 0.3545 0.3545 0.3545 0.3545 0.3545 0.3544 0.3544
-999.9990 0.3567 0.3567 0.3565 0.3564 0.3562 0.3559 0.3557 0.3556 0.3555 0.3555 0.3555 0.3554 0.3554 0.3554 0.3554 0.3554 0.3554 0.3554 0.3553 0.3553 0.3553 0.3553 0.3553 0.3553 0.3552 0.3552 0.3552 0.3552 0.3552 0.3552 0.3551 0.3551 0.3551 0.3551 0.3551 0.3551 0.3550 0.3550 0.3550 0.3550 0.3550 0.3549 0.3549 0.3549 0.3549 0.3549 0.3548 0.3548 0.3548 0.3548 0.3548 0.3547 0.3547 0.3547 0.3547 0.3547 0.3546 0.3546 0.3546 0.3546 0.3546 0.3546 0.3545 0.3545 0.3545 0.3545 0.3545 0.3545 0.3544 0.3544
-999.9990 0.3565 0.3565 0.3564 0.3562 0.3560 0.3557 0.3555 0.3555 0.3554 0.3554 0.3554 0.3554 0.3554 0.3554 0.3554 0.3554 0.3554 0.3554 0.3553 0.3553 0.3553 0.3553 0.3553 0.3553 0.3552 0.3552 0.3552 0.3552 0.3552 0.3552 0.3551 0.3551 0.3551 0.3551 0.3551 0.3551 0.3550 0.3550 0.3550 0.3550 0.3550 0.3549 0.3549 0.3549 0.3549 0.3549 0.3548 0.3548 0.3548 0.3548 0.3548 0.3547 0.3547 0.3547 0.3547 0.3547 0.3546 0.3546 0.3546 0.3546 0.3546 0.3546 0.3545 0.3545 0.3545 0.3545 0.3545 0.3545 0.3544 0.3544
-999.9990 0.3564 0.3563 0.3562 0.3560 0.3557 0.3553 0.3551 0.3554 0.3554 0.3554 0.3554 0.3553 0.3553 0.3554 0.3554 0.3554 0.3554 0.3554 0.3553 0.3553 0.3553 0.3553 0.3553 0.3552 0.3552 0.3552 0.3552 0.3552 0.3552 0.3552 0.3551 0.3551 0.3551 0.3551 0.3551 0.3551 0.3550 0.3550 0.3550 0.3550 0.3550 0.3549 0.3549 0.3549 0.3549 0.3549 0.3548 0.3548 0.3548 0.3548 0.3548 0.3547 0.3547 0.3547 0.3547 0.3547 0.3546 0.3546 0.3546 0.3546 0.3546 0.3546 0.3545 0.3545 0.3545 0.3545 0.3545 0.3545 0.3544 0.3544
-999.9990 0.3562 0.3562 0.3561 0.3559 0.3557 0.3556 0.0000 0.0000 1.3554 0.0000 0.3554 0.0000 0.3553 0.3554 0.3554 0.3554 0.3554 0.3554 0.3553 0.3553 0.3553 0.3553 0.3552 0.3552 0.3552 0.3552 0.3552 0.3552 0.3552 0.3552 0.3551 0.3551 0.3551 0.3551 0.3551 0.3550 0.3550 0.3550 0.3550 0.3550 0.3550 0.3549 0.3549 0.3549 0.3549 0.3549 0.3548 0.3548 0.3548 0.3548 0.3548 0.3547 0.3547 0.3547 0.3547 0.3547 0.3546 0.3546 0.3546 0.3546 0.3546 0.3546 0.3545 0.3545 0.3545 0.3545 0.3545 0.3544 0.3544 0.3544
-999.9990 0.3561 1.3561 0.3560 0.3559 0.3556 0.3557 0.3557 0.0000 0.0000 0.0000 0.0000 0.0000 0.0000 0.3554 0.3554 0.3554 0.3554 1.3554 0.3553 0.3553 0.3553 0.3552 0.3552 0.3552 0.3552 0.3552 0.3552 0.3552 0.3552 0.3552 0.3551 0.3551 0.3551 0.3551 0.3551 0.3550 0.3550 0.3550 0.3550 0.3550 0.3549 0.3549 0.3549 0.3549 0.3549 0.3549 0.3548 0.3548 0.3548 0.3548 0.3548 0.3547 0.3547 0.3547 0.3547 0.3547 0.3546 0.3546 0.3546 0.3546 0.3546 0.3545 0.3545 0.3545 0.3545 0.3545 0.3545 0.3544 0.3544 0.3544
-999.9990 1.3561 0.3561 0.3558 1.3557 1.3557 0.3557 0.0000 0.0000 0.0000 0.0000 0.0000 0.0000 0.0000 0.0000 0.0000 0.0000 0.0000 0.0000 0.0000 0.3553 0.0000 0.3552 0.3552 0.3552 0.3552 0.3552 0.3552 0.3552 0.3552 0.3552 0.3551 0.3551 0.3551 0.3551 0.3551 0.3550 0.3550 0.3550 0.3550 0.3550 0.3549 0.3549 0.3549 0.3549 0.3549 0.3549 0.3548 0.3548 0.3548 0.3548 0.3548 0.3547 0.3547 0.3547 0.3547 0.3547 0.3546 0.3546 0.3546 0.3546 0.3546 0.3545 0.3545 0.3545 0.3545 0.3545 0.3545 0.3544 0.3544 0.3544
-999.9990 0.3562 0.3561 0.3558 0.3556 1.3556 0.0000 0.0000 0.0000 0.0000 0.0000 0.0000 0.0000 0.0000 0.0000 0.0000 0.0000 0.0000 0.0000 0.0000 0.0000 0.0000 0.0000 0.0000 0.3552 0.3552 0.3552 0.3552 0.3552 0.3552 0.3551 0.3551 0.3551 0.3551 0.3551 0.3551 0.3550 0.3550 0.3550 0.3550 0.3550 0.3549 0.3549 0.3549 0.3549 0.3549 0.3548 0.3548 0.3548 0.3548 0.3548 0.3548 0.3547 0.3547 0.3547 0.3547 0.3547 0.3546 0.3546 0.3546 0.3546 0.3546 0.3545 0.3545 0.3545 0.3545 0.3545 0.3545 0.3544 0.3544 0.3544
-999.9990 0.3563 0.3562 0.3558 1.3556 0.0000 0.0000 0.0000 0.0000 0.0000 0.0000 0.0000 0.0000 0.0000 0.0000 0.0000 0.0000 0.0000 0.0000 0.0000 0.0000 0.0000 0.0000 0.0000 0.0000 0.0000 0.0000 0.0000 0.3552 0.3552 0.3551 0.3551 0.3551 0.3551 0.3551 0.3551 0.3550 0.3550 0.3550 0.3550 0.3550 0.3549 0.3549 0.3549 0.3549 0.3549 0.3548 0.3548 0.3548 0.3548 0.3548 0.3547 0.3547 0.3547 0.3547 0.3547 0.3547 0.3546 0.3546 0.3546 0.3546 0.3546 0.3545 0.3545 0.3545 0.3545 0.3545 0.3545 0.3544 0.3544 0.3544
-999.9990 0.3565 0.3564 0.3562 0.3554 0.0000 0.0000 0.0000 0.0000 0.0000 0.0000 0.0000 0.0000 0.0000 0.0000 0.0000 0.0000 0.0000 0.0000 0.0000 0.0000 0.0000 0.0000 0.0000 0.0000 0.0000 0.0000 0.0000 0.0000 0.0000 0.0000 0.3551 0.3551 0.3551 0.3551 0.3551 0.3550 0.3550 0.3550 0.3550 0.3549 0.3549 0.3549 0.3549 0.3549 0.3549 0.3548 0.3548 0.3548 0.3548 0.3548 0.3547 0.3547 0.3547 0.3547 0.3547 0.3547 0.3546 0.3546 0.3546 0.3546 0.3546 0.3545 0.3545 0.3545 0.3545 0.3545 0.3545 0.3544 0.3544 0.3544
-999.9990 0.3568 0.3567 0.3567 0.3563 0.3569 0.0000 0.0000 0.0000 0.0000 0.0000 0.0000 0.0000 0.0000 0.0000 0.0000 0.0000 0.0000 0.0000 0.0000 0.0000 0.0000 0.0000 0.0000 0.0000 0.0000 0.0000 0.0000 0.0000 0.0000 0.0000 0.0000 0.0000 0.0000 0.0000 0.0000 0.0000 0.0000 0.3550 0.3550 0.3549 0.3549 0.3549 0.3549 0.3549 0.3549 0.3548 0.3548 0.3548 0.3548 0.3548 0.3547 0.3547 0.3547 0.3547 0.3547 0.3547 0.3546 0.3546 0.3546 0.3546 0.3546 0.3545 0.3545 0.3545 0.3545 0.3545 0.3545 0.3544 0.3544 0.3544
-999.9990 0.3571 0.3570 0.3570 0.3570 0.3570 0.3572 0.0000 0.0000 0.0000 0.0000 0.0000 0.0000 0.0000 0.0000 0.0000 0.0000 0.0000 0.0000 0.0000 0.0000 0.0000 0.0000 0.0000 0.0000 0.0000 0.0000 0.0000 0.0000 0.0000 0.0000 0.0000 0.0000 0.0000 0.0000 0.0000 0.0000 0.0000 0.0000 0.0000 0.3549 0.3549 0.3549 0.3549 0.3549 0.3549 0.3548 0.3548 0.3548 0.3548 0.3548 0.3547 0.3547 0.3547 0.3547 0.3547 0.3547 0.3546 0.3546 0.3546 0.3546 0.3546 0.3545 0.3545 0.3545 0.3545 0.3545 0.3544 0.3544 0.3544 0.3544
-999.9990 0.3573 0.3573 0.3573 0.3573 0.3574 0.3573 0.3578 0.3578 0.0000 0.0000 0.0000 0.0000 0.0000 0.0000 0.0000 0.0000 0.0000 0.0000 0.0000 0.0000 0.0000 0.0000 0.0000 0.0000 0.0000 0.0000 0.0000 0.0000 0.0000 0.0000 0.0000 0.0000 0.0000 0.0000 0.0000 0.0000 0.0000 0.0000 0.0000 0.0000 0.0000 0.0000 0.0000 1.3549 1.3549 1.3549 0.3548 0.3548 0.3548 0.3548 0.3547 0.3547 0.3547 0.3547 0.3547 0.3547 0.3546 0.3546 0.3546 0.3546 0.3545 0.3545 0.3545 0.3545 0.3545 0.3545 0.3544 0.3544 0.3544 0.3544
-999.9990 0.3575 0.3575 0.3575 0.3575 0.3576 0.3576 0.3578 0.3578 0.3578 0.0000 0.0000 0.0000 0.0000 0.0000 0.0000 0.0000 0.0000 0.0000 0.0000 0.0000 0.0000 0.0000 0.0000 0.0000 0.0000 0.0000 0.0000 0.0000 0.0000 0.0000 0.0000 0.0000 0.0000 0.0000 0.0000 0.0000 0.0000 0.0000 0.0000 0.0000 0.0000 0.0000 0.0000 0.0000 0.0000 0.0000 0.0000 0.0000 0.3548 0.3548 0.3547 0.3547 0.3547 1.3547 0.3547 0.3547 0.3546 0.3546 0.3546 0.3546 0.3545 0.3545 0.3545 0.3545 0.3545 0.3545 0.3544 0.3544 0.3544 0.3544
-999.9990 0.3576 0.3576 0.3577 0.3577 0.3577 0.3578 0.3578 0.3578 0.3578 0.3580 0.3580 0.0000 0.0000 0.0000 0.0000 0.0000 0.0000 0.0000 0.0000 0.0000 0.0000 0.0000 0.0000 0.0000 0.0000 0.0000 0.0000 0.0000 0.0000 0.0000 0.0000 0.0000 0.0000 0.0000 0.0000 0.0000 0.0000 0.0000 0.0000 0.0000 0.0000 0.0000 0.0000 0.0000 0.0000 0.0000 0.0000 0.0000 0.0000 0.0000 0.0000 0.0000 0.3547 0.3547 0.3547 1.3546 1.3546 1.3546 0.3546 0.3545 0.3545 0.3545 0.3545 0.3545 0.3545 0.3545 0.3544 0.3544 0.3544 0.3544
-999.9990 0.3577 0.3578 0.3578 0.3578 0.3578 0.3578 0.3579 0.3579 0.3579 0.3580 0.3580 0.3580 0.0000 0.0000 0.0000 0.0000 0.0000 0.0000 0.0000 0.0000 0.0000 0.0000 0.0000 0.0000 0.0000 0.0000 0.0000 0.0000 0.0000 0.0000 0.0000 0.0000 0.0000 0.0000 0.0000 0.0000 0.0000 0.0000 0.0000 0.0000 0.0000 0.0000 0.0000 0.0000 0.0000 0.0000 0.0000 0.0000 0.0000 0.0000 0.0000 0.0000 0.0000 0.0000 0.3547 0.3546 0.3546 1.3546 0.0000 0.0000 0.3545 0.3545 0.3545 0.3545 0.3545 0.3545 0.3544 0.3544 0.3544 0.3544
-999.9990 0.3578 0.3578 0.3578 0.3579 0.3579 0.3579 0.3579 0.3579 0.3579 0.3580 0.3580 0.3580 0.3580 0.0000 0.0000 0.0000 0.0000 0.0000 0.0000 0.0000 0.0000 0.0000 0.0000 0.0000 0.0000 0.0000 0.0000 0.0000 0.0000 0.0000 0.0000 0.0000 0.0000 0.0000 0.0000 0.0000 0.0000 0.0000 0.0000 0.0000 0.0000 0.0000 0.0000 0.0000 0.0000 0.0000 0.0000 0.0000 0.0000 0.0000 0.0000 0.0000 0.0000 0.0000 0.0000 0.0000 0.0000 0.0000 0.0000 0.0000 0.0000 0.0000 0.3545 0.3545 0.3545 0.3544 0.3544 0.3544 0.3544 0.3544
-999.9990 0.3579 0.3579 0.3579 0.3579 0.3579 0.3579 0.3579 0.3580 0.3580 0.3580 0.3580 0.3580 0.3580 0.3581 0.3581 0.0000 0.0000 0.0000 0.0000 0.0000 0.0000 0.0000 0.0000 0.0000 0.0000 0.0000 0.0000 0.0000 0.0000 0.0000 0.0000 0.0000 0.0000 0.0000 0.0000 0.0000 0.0000 0.0000 0.0000 0.0000 0.0000 0.0000 0.0000 0.0000 0.0000 0.0000 0.0000 0.0000 0.0000 0.0000 0.0000 0.0000 0.0000 0.0000 0.0000 0.0000 0.0000 0.0000 0.0000 0.0000 0.0000 0.0000 0.0000 0.0000 0.0000 0.3544 0.3544 0.3544 0.3544 0.3544
-999.9990 0.3580 0.3580 0.3580 0.3580 0.3580 0.3580 0.3580 0.3580 0.3580 0.3580 0.3580 0.3580 0.3580 0.3581 0.3581 0.3581 0.0000 0.0000 0.0000 0.0000 0.0000 0.0000 0.0000 0.0000 0.0000 0.0000 0.0000 0.0000 0.0000 0.0000 0.0000 0.0000 0.0000 0.0000 0.0000 0.0000 0.0000 0.0000 0.0000 0.0000 0.0000 0.0000 0.0000 0.0000 0.0000 0.0000 0.0000 0.0000 0.0000 0.0000 0.0000 0.0000 0.0000 0.0000 0.0000 0.0000 0.0000 0.0000 0.0000 0.0000 0.0000 0.0000 0.0000 0.0000 0.0000 0.0000 0.0000 0.0000 0.0000 1.3544
-999.9990 0.3580 0.3580 0.3580 0.3580 0.3580 0.3580 0.3580 0.3580 0.3580 0.3580 0.3580 0.3580 0.3580 0.3580 0.3581 0.3580 0.3580 0.0000 0.0000 0.0000 0.0000 0.0000 0.0000 0.0000 0.0000 0.0000 0.0000 0.0000 0.0000 0.0000 0.0000 0.0000 0.0000 0.0000 0.0000 0.0000 0.0000 0.0000 0.0000 0.0000 0.0000 0.0000 0.0000 0.0000 0.0000 0.0000 0.0000 0.0000 0.0000 0.0000 0.0000 0.0000 0.0000 0.0000 0.0000 0.0000 0.0000 0.0000 0.0000 0.0000 0.0000 0.0000 0.0000 0.0000 0.0000 0.0000 0.0000 0.0000 0.0000 0.0000
-999.9990 0.3580 0.3580 0.3580 0.3580 0.3580 0.3580 0.3580 0.3580 0.3580 0.3580 0.3580 0.3580 0.3580 0.3581 0.3581 0.3581 0.3580 0.3581 0.3581 0.0000 0.0000 0.0000 0.0000 0.0000 0.0000 0.0000 0.0000 0.0000 0.0000 0.0000 0.0000 0.0000 0.0000 0.0000 0.0000 0.0000 0.0000 0.0000 0.0000 0.0000 0.0000 0.0000 0.0000 0.0000 0.0000 0.0000 0.0000 0.0000 0.0000 0.0000 0.0000 0.0000 0.0000 0.0000 0.0000 0.0000 0.0000 0.0000 0.0000 0.0000 0.0000 0.0000 0.0000 0.0000 0.0000 0.0000 0.0000 0.0000 0.0000 0.0000
-999.9990 0.3581 0.3581 0.3580 0.3580 0.3580 0.3580 0.3580 0.3580 0.3580 0.3580 0.3580 0.3581 0.3581 0.3581 0.3581 0.3581 0.3581 0.3581 0.3581 0.3581 0.3581 0.0000 0.0000 0.0000 0.0000 0.0000 0.0000 0.0000 0.0000 0.0000 0.0000 0.0000 0.0000 0.0000 0.0000 0.0000 0.0000 0.0000 0.0000 0.0000 0.0000 0.0000 0.0000 0.0000 0.0000 0.0000 0.0000 0.0000 0.0000 0.0000 0.0000 0.0000 0.0000 0.0000 0.0000 0.0000 0.0000 0.0000 0.0000 0.0000 0.0000 0.0000 0.0000 0.0000 0.0000 0.0000 0.0000 0.0000 0.0000 0.0000
-999.9990 0.3581 0.3581 0.3581 0.3581 0.3581 0.3581 0.3581 0.3581 0.3581 0.3581 0.3581 0.3581 0.3581 0.3581 0.3581 0.3581 0.3581 0.3581 0.3581 0.3581 0.3581 0.3582 0.3582 0.0000 0.0000 0.0000 0.0000 0.0000 0.0000 0.0000 0.0000 0.0000 0.0000 0.0000 0.0000 0.0000 0.0000 0.0000 0.0000 0.0000 0.0000 0.0000 0.0000 0.0000 0.0000 0.0000 0.0000 0.0000 0.0000 0.0000 0.0000 0.0000 0.0000 0.0000 0.0000 0.0000 0.0000 0.0000 0.0000 0.0000 0.0000 0.0000 0.0000 0.0000 0.0000 0.0000 0.0000 0.0000 0.0000 0.0000
-999.9990 0.3581 0.3581 0.3581 0.3581 0.3581 0.3581 0.3581 0.3581 0.3581 0.3581 0.3581 0.3581 0.3581 0.3581 0.3581 0.3581 0.3581 0.3581 0.3581 0.3581 0.3581 0.3581 0.3582 0.3581 0.0000 0.0000 0.0000 0.0000 0.0000 0.0000 0.0000 0.0000 0.0000 0.0000 0.0000 0.0000 0.0000 0.0000 0.0000 0.0000 0.0000 0.0000 0.0000 0.0000 0.0000 0.0000 0.0000 0.0000 0.0000 0.0000 0.0000 0.0000 0.0000 0.0000 0.0000 0.0000 0.0000 0.0000 0.0000 0.0000 0.0000 0.0000 0.0000 0.0000 0.0000 0.0000 0.0000 0.0000 0.0000 0.0000
-999.9990 0.3581 0.3581 0.3581 0.3581 0.3581 0.3581 0.3581 0.3581 0.3581 0.3581 0.3581 0.3581 0.3581 0.3581 0.3581 0.3581 0.3581 0.3581 0.3581 0.3581 0.3581 0.3581 0.3581 0.3581 0.3581 0.0000 0.0000 0.0000 0.0000 0.0000 0.0000 0.0000 0.0000 0.0000 0.0000 0.0000 0.0000 0.0000 0.0000 0.0000 0.0000 0.0000 0.0000 0.0000 0.0000 0.0000 0.0000 0.0000 0.0000 0.0000 0.0000 0.0000 0.0000 0.0000 0.0000 0.0000 0.0000 0.0000 0.0000 0.0000 0.0000 0.0000 0.0000 0.0000 0.0000 0.0000 0.0000 0.0000 0.0000 0.0000
-999.9990 0.3581 0.3581 0.3581 0.3581 0.3581 0.3581 0.3581 0.3581 0.3581 0.3581 0.3581 0.3581 0.3581 0.3581 0.3581 0.3581 0.3581 0.3581 0.3581 0.3581 0.3581 0.3581 0.3581 0.3581 0.3581 0.3581 0.0000 0.0000 0.0000 0.0000 0.0000 0.0000 0.0000 0.0000 0.0000 0.0000 0.0000 0.0000 0.0000 0.0000 0.0000 0.0000 0.0000 0.0000 0.0000 0.0000 0.0000 0.0000 0.0000 0.0000 0.0000 0.0000 0.0000 0.0000 0.0000 0.0000 0.0000 0.0000 0.0000 0.0000 0.0000 0.0000 0.0000 0.0000 0.0000 0.0000 0.0000 0.0000 0.0000 0.0000
-999.9990 0.3581 0.3581 0.3581 0.3581 0.3581 0.3581 0.3581 0.3581 0.3581 0.3581 0.3581 0.3581 0.3581 0.3581 0.3581 0.3581 0.3581 0.3581 0.3581 0.3581 0.3581 0.3581 0.3581 0.3581 0.3581 0.3581 0.3582 0.3582 0.0000 0.0000 0.0000 0.0000 0.0000 0.0000 0.0000 0.0000 0.0000 0.0000 0.0000 0.0000 0.0000 0.0000 0.0000 0.0000 0.0000 0.0000 0.0000 0.0000 0.0000 0.0000 0.0000 0.0000 0.0000 0.0000 0.0000 0.0000 0.0000 0.0000 0.0000 0.0000 0.0000 0.0000 0.0000 0.0000 0.0000 0.0000 0.0000 0.0000 0.0000 0.0000
-999.9990 0.3581 0.3581 0.3581 0.3581 0.3581 0.3581 0.3581 0.3581 0.3581 0.3581 0.3581 0.3581 0.3581 0.3581 0.3581 0.3581 0.3581 0.3581 0.3581 0.3581 0.3581 0.3581 0.3581 0.3581 0.3581 0.3581 0.3582 0.3582 0.3582 0.3582 0.0000 0.0000 0.0000 0.0000 0.0000 0.0000 0.0000 0.0000 0.0000 0.0000 0.0000 0.0000 0.0000 0.0000 0.0000 0.0000 0.0000 0.0000 0.0000 0.0000 0.0000 0.0000 0.0000 0.0000 0.0000 0.0000 0.0000 0.0000 0.0000 0.0000 0.0000 0.0000 0.0000 0.0000 0.0000 0.0000 0.0000 0.0000 0.0000 0.0000
-999.9990 1.3581 0.3581 0.3581 0.3581 0.3581 0.3581 0.3581 0.3581 0.3581 0.3581 0.3581 0.3581 0.3581 0.3581 0.3581 0.3581 0.3581 0.3581 0.3581 0.3581 0.3581 0.3581 0.3582 0.3582 0.3582 0.3582 0.3582 0.3582 0.3582 0.3582 0.3582 0.3582 0.3582 0.0000 0.0000 0.0000 0.0000 0.0000 0.0000 0.0000 0.0000 0.0000 0.0000 0.0000 0.0000 0.0000 0.0000 0.0000 0.0000 0.0000 0.0000 0.0000 0.0000 0.0000 0.0000 0.0000 0.0000 0.0000 0.0000 0.0000 0.0000 0.0000 0.0000 0.0000 0.0000 0.0000 0.0000 0.0000 0.0000 0.0000
