example/data/train/2B/dm1d0003.asc
ncols              302
nrows              262
xllcorner        167177.500
yllcorner       2549279.500
cellsize              1.000
NODATA_value       -999.9990
[rows 0 to 31 of 262, columns 142 to 212 of 302]
-999.9990 -999.9990 -999.9990 -999.9990 -999.9990 -999.9990 -999.9990 -999.9990 -999.9990 -999.9990 -999.9990 -999.9990 -999.9990 -999.9990 -999.9990 -999.9990 -999.9990 -999.9990 -999.9990 -999.9990 -999.9990 -999.9990 -999.9990 -999.9990 -999.9990 -999.9990 -999.9990 -999.9990 -999.9990 -999.9990 -999.9990 -999.9990 -999.9990 -999.9990 -999.9990 -999.9990 -999.9990 -999.9990 -999.9990 -999.9990 -999.9990 -999.9990 -999.9990 -999.9990 -999.9990 -999.9990 -999.9990 -999.9990 -999.9990 -999.9990 -999.9990 -999.9990 -999.9990 -999.9990 -999.9990 -999.9990 -999.9990 -999.9990 -999.9990 -999.9990 -999.9990 -999.9990 -999.9990 -999.9990 -999.9990 -999.9990 -999.9990 -999.9990 -999.9990 -999.9990 -999.9990
1.3063 1.3063 1.3063 1.3063 1.3063 1.3062 1.3062 1.3062 1.3062 1.3062 1.3062 1.3062 1.3062 1.3062 1.3062 1.3062 1.3062 1.3062 1.3062 1.3062 1.3063 1.3063 1.3063 1.3063 1.3063 1.3063 0.3062 0.0000 0.0000 0.0000 1.2636 1.2634 0.8796 1.1041 1.2468 1.2663 1.2561 1.2664 1.3122 1.3114 0.3078 0.3119 0.3117 0.3104 0.3090 0.3079 0.3075 0.3077 0.3088 0.3105 0.3126 0.3146 0.3163 0.3173 0.3176 0.3175 0.3176 0.3182 0.3190 0.3190 0.0000 0.0000 0.0000 0.0000 0.0000 0.0000 0.0000 0.0000 0.0000 0.0000 0.0000
1.3063 1.3063 1.3063 1.3062 1.3062 1.3062 1.3062 1.3062 1.3062 1.3062 1.3062 1.3062 1.3062 1.3062 1.3062 1.3062 1.3062 1.3062 1.3063 1.3063 1.3063 1.3063 1.3064 1.3064 1.3063 1.3063 0.0000 0.0000 0.0000 0.0000 0.0000 0.2126 0.8895 1.1686 1.2334 1.2320 1.2469 1.2886 1.3542 0.2691 0.2866 0.3117 0.3146 0.3116 0.3096 0.3083 0.3077 0.3079 0.3089 0.3106 0.3128 0.3148 0.3165 0.3175 0.3177 0.3175 0.3173 0.3178 0.3190 0.3190 0.0000 0.0000 0.0000 0.0000 0.0000 0.0000 0.0000 0.0000 0.0000 0.0000 0.3130
1.3063 1.3063 1.3062 1.3062 1.3062 1.3062 1.3062 1.3062 1.3062 1.3062 1.3062 1.3062 1.3062 1.3062 1.3062 1.3062 1.3062 1.3063 1.3063 1.3063 1.3063 1.3064 1.3064 1.3064 1.3064 0.0000 0.0000 0.0000 0.0000 0.0000 0.0000 0.0000 0.0000 1.1697 1.1860 1.1763 1.2269 1.2888 0.2695 0.2868 0.3021 0.3118 0.3128 0.3105 0.3090 0.3084 0.3084 0.3088 0.3098 0.3113 0.3131 0.3148 0.3162 0.3171 0.3175 0.3175 0.3177 0.3185 0.3198 0.0000 0.0000 0.0000 0.0000 0.0000 0.0000 0.0000 0.0000 0.0000 0.0000 0.3130 0.3130
1.3063 1.3062 1.3062 1.3062 1.3062 1.3062 1.3062 1.3062 1.3062 1.3061 1.3061 1.3062 1.3062 1.3062 1.3062 1.3062 1.3063 1.3063 1.3063 1.3063 1.3064 1.3064 1.3064 1.3064 1.3064 0.3064 0.0000 0.0000 0.0000 0.0000 0.0000 0.0000 0.0000 0.0000 1.1763 1.1567 0.2339 0.2811 0.2950 0.3018 0.3050 0.3077 0.3099 0.3107 0.3098 0.3093 0.3093 0.3096 0.3105 0.3117 0.3131 0.3144 0.3156 0.3163 0.3168 0.3172 0.3178 0.3187 0.3198 0.3206 0.0000 0.0000 0.0000 0.0000 0.0000 0.0000 0.0000 0.0000 0.3130 0.3130 0.3130
1.3063 1.3062 1.3062 1.3062 1.3062 1.3062 1.3062 1.3061 1.3061 1.3061 1.3061 1.3061 1.3062 1.3062 1.3062 1.3062 1.3063 1.3063 1.3063 1.3064 1.3064 1.3064 1.3064 1.3064 0.0000 0.0000 0.0000 0.0000 0.0000 0.0000 0.0000 0.0000 0.0000 0.0000 0.2242 0.2455 0.2798 0.2947 0.3011 0.3042 0.3056 0.3064 0.3073 0.3080 0.3086 0.3094 0.3098 0.3100 0.3106 0.3116 0.3126 0.3137 0.3147 0.3154 0.3160 0.3166 0.3171 0.3180 0.3190 0.3203 0.0000 0.0000 0.0000 0.0000 0.0000 0.0000 0.3131 0.3131 0.3130 0.3130 0.3130
1.3063 1.3062 1.3062 1.3062 1.3062 1.3062 1.3062 1.3061 1.3061 1.3061 1.3061 1.3061 1.3062 1.3062 1.3062 1.3062 1.3063 1.3063 1.3063 1.3064 1.3064 1.3064 1.3064 0.0000 0.0000 0.0000 0.0000 0.0000 0.0000 0.0000 0.0000 0.0000 0.0000 0.2947 0.2816 0.2870 0.2934 0.2993 0.3024 0.3045 0.3061 0.3067 0.3072 0.3075 0.3078 0.3082 0.3088 0.3096 0.3104 0.3110 0.3119 0.3128 0.3136 0.3144 0.3150 0.3155 0.3159 0.3162 0.3155 0.3104 0.3047 0.3106 0.3120 0.3126 0.3129 0.3130 0.3131 0.3131 0.3131 0.3130 0.3130
1.3063 1.3062 1.3062 1.3062 1.3062 1.3062 1.3061 1.3061 1.3061 1.3061 1.3061 1.3061 1.3061 1.3062 1.3062 1.3062 1.3063 1.3063 1.3063 1.3064 1.3064 1.3064 0.0000 0.0000 0.0000 0.0000 0.0000 0.0000 0.0000 0.0000 0.0000 0.0000 0.3028 0.2991 0.2971 0.2975 0.2996 0.3020 0.3039 0.3053 0.3062 0.3067 0.3073 0.3076 0.3079 0.3080 0.3083 0.3087 0.3092 0.3100 0.3109 0.3116 0.3125 0.3132 0.3138 0.3143 0.3146 0.3145 0.3137 0.3122 0.3107 0.3118 0.3125 0.3128 0.3130 0.3130 0.3131 0.3131 0.3131 0.3130 0.3130
1.3063 1.3062 1.3062 1.3062 1.3062 1.3062 1.3061 1.3061 1.3061 1.3061 1.3061 1.3061 1.3062 1.3062 1.3062 1.3062 1.3063 1.3063 1.3063 1.3064 1.3064 1.3064 0.0000 0.0000 0.0000 0.0000 0.0000 0.0000 0.0000 0.0000 0.0000 0.3060 0.3041 0.3029 0.3018 0.3019 0.3027 0.3038 0.3049 0.3058 0.3065 0.3070 0.3074 0.3076 0.3079 0.3081 0.3082 0.3083 0.3085 0.3090 0.3096 0.3104 0.3113 0.3120 0.3126 0.3131 0.3134 0.3133 0.3128 0.3122 0.3118 0.3119 0.3124 0.3127 0.3129 0.3130 0.3130 0.3131 0.3131 0.3130 0.3130
1.3063 1.3062 1.3062 1.3062 1.3062 1.3062 1.3062 1.3061 1.3061 1.3061 1.3061 1.3061 1.3062 1.3062 1.3062 1.3062 1.3063 1.3063 1.3063 1.3063 1.3063 0.0000 0.0000 0.0000 0.0000 0.0000 0.0000 0.0000 0.0000 0.0000 0.0000 0.3049 0.3052 0.3045 0.3041 0.3041 0.3045 0.3051 0.3058 0.3064 0.3068 0.3072 0.3075 0.3078 0.3080 0.3081 0.3082 0.3083 0.3083 0.3085 0.3089 0.3094 0.3101 0.3108 0.3115 0.3120 0.3124 0.3124 0.3123 0.3121 0.3120 0.3122 0.3125 0.3127 0.3128 0.3129 0.3130 0.3130 0.3130 0.3130 0.3130
1.3063 1.3063 1.3062 1.3062 1.3062 1.3062 1.3062 1.3062 1.3062 1.3062 1.3062 1.3062 1.3062 1.3062 1.3062 1.3062 1.3063 1.3063 1.3063 1.3063 0.3063 0.0000 0.0000 0.0000 0.0000 0.0000 0.0000 0.0000 0.0000 0.0000 0.3074 0.3061 0.3060 0.3056 0.3054 0.3054 0.3056 0.3060 0.3064 0.3068 0.3072 0.3074 0.3077 0.3079 0.3080 0.3082 0.3082 0.3082 0.3083 0.3083 0.3085 0.3088 0.3093 0.3098 0.3104 0.3110 0.3115 0.3118 0.3119 0.3119 0.3120 0.3122 0.3124 0.3126 0.3128 0.3129 0.3129 0.3130 0.3130 0.3130 0.3130
1.3063 1.3063 1.3062 1.3062 1.3062 1.3062 1.3062 1.3062 1.3062 1.3062 1.3062 1.3062 1.3062 1.3062 1.3062 1.3062 1.3063 1.3063 1.3063 1.3064 0.3064 0.0000 0.0000 0.0000 0.0000 0.0000 0.0000 0.0000 0.0000 0.0000 0.3068 0.3068 0.3066 0.3064 0.3063 0.3063 0.3064 0.3067 0.3069 0.3072 0.3074 0.3076 0.3078 0.3080 0.3081 0.3082 0.3082 0.3082 0.3082 0.3083 0.3084 0.3085 0.3088 0.3092 0.3097 0.3102 0.3107 0.3111 0.3115 0.3117 0.3119 0.3121 0.3123 0.3125 0.3127 0.3128 0.3129 0.3129 0.3130 0.3130 0.3130
1.3063 1.3063 1.3063 1.3062 1.3062 1.3062 1.3062 1.3062 1.3062 1.3062 1.3062 1.3062 1.3062 1.3062 1.3062 1.3062 1.3063 1.3063 1.3062 0.0000 0.0000 0.0000 0.0000 0.0000 0.0000 0.0000 0.0000 0.0000 0.0000 0.3081 0.3074 0.3073 0.3071 0.3070 0.3069 0.3070 0.3070 0.3072 0.3073 0.3075 0.3077 0.3078 0.3080 0.3081 0.3082 0.3082 0.3083 0.3083 0.3083 0.3083 0.3083 0.3084 0.3086 0.3089 0.3093 0.3097 0.3102 0.3106 0.3111 0.3114 0.3117 0.3120 0.3122 0.3124 0.3126 0.3127 0.3128 0.3129 0.3129 0.3130 0.3130
1.3064 1.3063 1.3063 1.3063 1.3062 1.3062 1.3062 1.3062 1.3062 1.3062 1.3062 1.3062 1.3062 1.3062 1.3063 1.3063 1.3063 1.3063 1.3063 0.0000 0.0000 0.0000 0.0000 0.0000 0.0000 0.0000 0.0000 0.0000 0.0000 0.3080 0.3079 0.3077 0.3075 0.3075 0.3074 0.3075 0.3075 0.3076 0.3077 0.3078 0.3079 0.3080 0.3081 0.3082 0.3082 0.3083 0.3083 0.3083 0.3083 0.3083 0.3083 0.3083 0.3084 0.3086 0.3090 0.3094 0.3098 0.3103 0.3107 0.3111 0.3115 0.3118 0.3121 0.3123 0.3125 0.3126 0.3127 0.3128 0.3129 0.3129 0.3129
1.3064 1.3064 1.3063 1.3063 1.3063 1.3063 1.3063 1.3062 1.3062 1.3062 1.3062 1.3062 1.3063 1.3063 1.3063 1.3063 1.3063 1.3063 0.0000 0.0000 0.0000 0.0000 0.0000 0.0000 0.0000 0.0000 0.0000 0.3079 0.3079 0.3079 0.3079 0.3079 0.3079 0.3079 0.3079 0.3079 0.3079 0.3079 0.3080 0.3080 0.3081 0.3082 0.3082 0.3083 0.3083 0.3083 0.3083 0.3083 0.3083 0.3083 0.3083 0.3083 0.3084 0.3085 0.3088 0.3091 0.3096 0.3100 0.3105 0.3109 0.3113 0.3116 0.3119 0.3121 0.3123 0.3125 0.3126 0.3127 0.3128 0.3129 0.3129
1.3064 1.3064 1.3064 1.3063 1.3063 1.3063 1.3063 1.3063 1.3063 1.3063 1.3063 1.3063 1.3063 1.3063 1.3063 1.3063 1.3063 0.0000 0.0000 0.0000 0.0000 0.0000 0.0000 0.0000 0.0000 0.0000 0.0000 0.0000 0.0000 0.3077 0.3079 0.3081 0.3082 0.3082 0.3082 0.3082 0.3082 0.3082 0.3082 0.3083 0.3083 0.3083 0.3083 0.3084 0.3084 0.3084 0.3083 0.3083 0.3083 0.3083 0.3083 0.3083 0.3083 0.3084 0.3086 0.3090 0.3094 0.3098 0.3103 0.3107 0.3111 0.3114 0.3117 0.3120 0.3122 0.3124 0.3125 0.3126 0.3127 0.3128 0.3128
1.3065 1.3065 1.3064 1.3064 1.3063 1.3063 1.3063 1.3063 1.3063 1.3063 1.3063 1.3063 1.3063 1.3063 1.3063 1.3063 1.3063 0.0000 0.0000 0.0000 0.0000 0.0000 0.0000 0.0000 0.0000 0.0000 0.0000 0.0000 0.0000 0.3066 0.3080 0.3084 0.3085 0.3086 0.3085 0.3085 0.3085 0.3085 0.3085 0.3085 0.3085 0.3085 0.3085 0.3085 0.3085 0.3084 0.3084 0.3084 0.3083 0.3083 0.3083 0.3083 0.3083 0.3084 0.3086 0.3089 0.3093 0.3097 0.3101 0.3106 0.3110 0.3113 0.3116 0.3119 0.3121 0.3123 0.3124 0.3126 0.3126 0.3127 0.3128
1.3063 1.3064 1.3065 1.3061 1.3063 1.3063 1.3064 1.3063 1.3063 1.3063 1.3063 1.3063 1.3064 1.3064 1.3064 1.3064 0.0000 0.0000 0.0000 0.0000 0.0000 0.0000 0.0000 0.0000 0.0000 0.0000 0.0000 0.3102 0.3101 0.3079 0.3085 0.3088 0.3089 0.3089 0.3088 0.3088 0.3088 0.3087 0.3087 0.3087 0.3087 0.3086 0.3086 0.3086 0.3086 0.3085 0.3085 0.3084 0.3084 0.3083 0.3083 0.3083 0.3083 0.3084 0.3086 0.3089 0.3092 0.3096 0.3101 0.3105 0.3109 0.3112 0.3115 0.3118 0.3120 0.3122 0.3123 0.3125 0.3126 0.3126 0.3127
0.3064 1.3062 1.3058 0.3062 1.3063 1.3065 1.3064 1.3064 1.3064 1.3064 1.3063 1.3064 1.3064 1.3064 1.3064 0.3064 0.0000 0.0000 0.0000 0.0000 0.0000 0.0000 0.0000 0.0000 0.0000 0.0000 0.0000 0.3096 0.3099 0.3092 0.3091 0.3092 0.3092 0.3092 0.3091 0.3091 0.3090 0.3090 0.3089 0.3089 0.3088 0.3088 0.3088 0.3087 0.3087 0.3086 0.3086 0.3085 0.3084 0.3084 0.3083 0.3083 0.3084 0.3085 0.3086 0.3089 0.3093 0.3096 0.3100 0.3104 0.3108 0.3111 0.3114 0.3117 0.3119 0.3121 0.3123 0.3124 0.3125 0.3126 0.3126
0.3065 0.3064 0.3062 0.3064 0.3065 1.3065 1.3063 1.3062 1.3063 1.3065 1.3062 0.3064 0.3064 1.3064 1.3064 0.3064 0.0000 0.0000 0.0000 0.0000 0.0000 0.0000 0.0000 0.0000 0.0000 0.0000 0.3096 0.3096 0.3098 0.3097 0.3096 0.3096 0.3095 0.3094 0.3094 0.3093 0.3092 0.3092 0.3091 0.3090 0.3090 0.3089 0.3089 0.3089 0.3088 0.3087 0.3087 0.3086 0.3085 0.3085 0.3084 0.3084 0.3085 0.3086 0.3088 0.3090 0.3093 0.3097 0.3101 0.3104 0.3108 0.3111 0.3114 0.3116 0.3118 0.3120 0.3122 0.3123 0.3124 0.3125 0.3126
0.3067 0.3066 0.3066 0.3066 0.3066 0.3066 0.3065 0.3065 0.3066 1.3060 0.3063 0.3064 0.3065 0.3065 0.3065 0.3065 0.0000 0.0000 0.0000 0.0000 0.0000 0.0000 0.0000 0.0000 0.0000 0.0000 0.3080 0.3100 0.3101 0.3100 0.3100 0.3099 0.3097 0.3097 0.3096 0.3095 0.3094 0.3093 0.3093 0.3092 0.3091 0.3091 0.3090 0.3090 0.3089 0.3089 0.3088 0.3087 0.3087 0.3086 0.3086 0.3086 0.3086 0.3087 0.3089 0.3091 0.3094 0.3098 0.3101 0.3104 0.3108 0.3110 0.3113 0.3116 0.3118 0.3120 0.3121 0.3122 0.3124 0.3124 0.3125
0.3068 0.3068 0.3068 0.3068 0.3068 0.3068 0.3067 0.3067 0.3067 0.3064 0.3065 0.3065 0.3065 0.3065 0.3065 0.3065 0.0000 0.0000 0.0000 0.0000 0.0000 0.0000 0.0000 0.3146 0.3145 0.3122 0.3093 0.3103 0.3104 0.3103 0.3102 0.3100 0.3099 0.3098 0.3097 0.3096 0.3095 0.3095 0.3094 0.3093 0.3093 0.3092 0.3092 0.3091 0.3091 0.3090 0.3090 0.3089 0.3088 0.3088 0.3088 0.3088 0.3088 0.3089 0.3091 0.3093 0.3096 0.3099 0.3102 0.3105 0.3108 0.3110 0.3113 0.3115 0.3117 0.3119 0.3121 0.3122 0.3123 0.3124 0.3125
0.3069 0.3069 0.3069 0.3069 0.3069 0.3069 0.3069 0.3069 0.3069 0.3068 0.3068 0.3067 0.3066 0.3066 0.3067 0.3063 0.0000 0.0000 0.0000 0.0000 0.0000 0.0000 0.0000 0.3141 0.3137 0.3123 0.3109 0.3107 0.3105 0.3104 0.3103 0.3101 0.3100 0.3099 0.3098 0.3097 0.3097 0.3096 0.3095 0.3095 0.3094 0.3094 0.3093 0.3093 0.3092 0.3092 0.3091 0.3091 0.3090 0.3090 0.3090 0.3090 0.3090 0.3091 0.3093 0.3095 0.3097 0.3100 0.3103 0.3105 0.3108 0.3111 0.3113 0.3115 0.3117 0.3119 0.3120 0.3122 0.3123 0.3124 0.3124
0.3071 0.3071 0.3071 0.3071 0.3071 0.3071 0.3071 0.3071 0.3071 0.3071 0.3070 0.3070 0.3069 0.3068 0.3066 0.3062 0.3066 0.3066 0.0000 0.0000 0.0000 0.0000 0.0000 0.3136 0.3131 0.3119 0.3111 0.3107 0.3106 0.3105 0.3103 0.3102 0.3101 0.3100 0.3099 0.3098 0.3098 0.3097 0.3096 0.3096 0.3095 0.3095 0.3094 0.3094 0.3093 0.3093 0.3093 0.3092 0.3092 0.3092 0.3092 0.3092 0.3093 0.3094 0.3095 0.3097 0.3099 0.3101 0.3104 0.3106 0.3109 0.3111 0.3113 0.3115 0.3117 0.3119 0.3120 0.3121 0.3122 0.3123 0.3124
0.3072 0.3072 0.3072 0.3072 0.3072 0.3073 0.3073 0.3073 0.3073 0.3073 0.3073 0.3072 0.3072 0.3071 0.3069 0.3068 0.3068 0.3064 0.3068 0.3069 0.0000 0.0000 0.3163 0.3146 0.3131 0.3118 0.3109 0.3107 0.3106 0.3105 0.3104 0.3103 0.3102 0.3101 0.3100 0.3099 0.3099 0.3098 0.3097 0.3097 0.3096 0.3096 0.3096 0.3095 0.3095 0.3095 0.3094 0.3094 0.3094 0.3094 0.3094 0.3094 0.3095 0.3096 0.3097 0.3098 0.3100 0.3102 0.3105 0.3107 0.3109 0.3111 0.3113 0.3115 0.3117 0.3118 0.3120 0.3121 0.3122 0.3123 0.3124
0.3072 0.3073 0.3073 0.3073 0.3074 0.3074 0.3075 0.3075 0.3075 0.3076 0.3075 0.3075 0.3074 0.3073 0.3072 0.3071 0.3070 0.3069 0.3071 0.3072 0.3095 0.3125 0.3151 0.3143 0.3129 0.3116 0.3108 0.3106 0.3105 0.3104 0.3104 0.3103 0.3102 0.3101 0.3101 0.3100 0.3099 0.3099 0.3098 0.3098 0.3098 0.3097 0.3097 0.3097 0.3096 0.3096 0.3096 0.3095 0.3095 0.3095 0.3096 0.3096 0.3097 0.3097 0.3099 0.3100 0.3102 0.3104 0.3106 0.3108 0.3110 0.3112 0.3113 0.3115 0.3117 0.3118 0.3120 0.3121 0.3122 0.3123 0.3123
0.3073 0.3073 0.3074 0.3074 0.3075 0.3075 0.3076 0.3077 0.3077 0.3077 0.3078 0.3077 0.3077 0.3076 0.3075 0.3074 0.3073 0.3073 0.3075 0.3080 0.3094 0.3113 0.3127 0.3129 0.3122 0.3113 0.3107 0.3105 0.3104 0.3104 0.3103 0.3103 0.3102 0.3101 0.3101 0.3100 0.3100 0.3100 0.3099 0.3099 0.3099 0.3098 0.3098 0.3098 0.3097 0.3097 0.3097 0.3097 0.3097 0.3097 0.3097 0.3098 0.3098 0.3099 0.3100 0.3102 0.3103 0.3105 0.3107 0.3108 0.3110 0.3112 0.3114 0.3115 0.3117 0.3118 0.3120 0.3121 0.3122 0.3122 0.3123
0.3074 0.3074 0.3075 0.3075 0.3076 0.3076 0.3077 0.3078 0.3078 0.3079 0.3079 0.3079 0.3079 0.3078 0.3076 0.3075 0.3074 0.3074 0.3076 0.3080 0.3088 0.3098 0.3108 0.3113 0.3113 0.3107 0.3107 0.3104 0.3103 0.3103 0.3103 0.3102 0.3102 0.3101 0.3101 0.3101 0.3100 0.3100 0.3100 0.3100 0.3099 0.3099 0.3099 0.3099 0.3099 0.3099 0.3098 0.3098 0.3099 0.3099 0.3099 0.3099 0.3100 0.3101 0.3102 0.3103 0.3104 0.3106 0.3108 0.3109 0.3111 0.3112 0.3114 0.3116 0.3117 0.3118 0.3120 0.3121 0.3121 0.3122 0.3123
0.3075 0.3075 0.3075 0.3076 0.3076 0.3077 0.3078 0.3078 0.3079 0.3080 0.3080 0.3080 0.3080 0.3079 0.3077 0.3075 0.3074 0.3074 0.3075 0.3076 0.3080 0.3085 0.3089 0.3095 0.3103 0.3101 0.3100 0.3104 0.3101 0.3102 0.3102 0.3102 0.3102 0.3101 0.3101 0.3101 0.3101 0.3101 0.3101 0.3100 0.3100 0.3100 0.3100 0.3100 0.3100 0.3100 0.3100 0.3100 0.3100 0.3100 0.3100 0.3101 0.3102 0.3102 0.3103 0.3104 0.3106 0.3107 0.3108 0.3110 0.3111 0.3113 0.3114 0.3116 0.3117 0.3119 0.3120 0.3121 0.3121 0.3122 0.3123
0.3075 0.3076 0.3076 0.3076 0.3077 0.3078 0.3078 0.3079 0.3080 0.3080 0.3081 0.3081 0.3081 0.3079 0.3077 0.3075 0.3073 0.3073 0.3074 0.3074 0.3074 0.3074 0.3075 0.3078 0.3084 0.3098 0.3093 0.3108 0.3098 0.3100 0.3101 0.3101 0.3101 0.3101 0.3101 0.3101 0.3101 0.3101 0.3101 0.3101 0.3101 0.3101 0.3101 0.3101 0.3101 0.3101 0.3101 0.3101 0.3101 0.3101 0.3102 0.3102 0.3103 0.3104 0.3104 0.3105 0.3107 0.3108 0.3109 0.3110 0.3112 0.3113 0.3115 0.3116 0.3117 0.3119 0.3120 0.3121 0.3121 0.3122 0.3123
0.3076 0.3076 0.3077 0.3077 0.3078 0.3078 0.3079 0.3079 0.3080 0.3081 0.3081 0.3081 0.3081 0.3079 0.3077 0.3075 0.3073 0.3073 0.3073 0.3073 0.3072 0.3071 0.3069 0.3072 0.3069 0.3076 0.3094 0.3093 0.3093 0.3097 0.3099 0.3100 0.3101 0.3101 0.3102 0.3102 0.3102 0.3102 0.3102 0.3102 0.3102 0.3102 0.3102 0.3102 0.3102 0.3102 0.3102 0.3102 0.3102 0.3103 0.3103 0.3103 0.3104 0.3105 0.3106 0.3106 0.3107 0.3109 0.3110 0.3111 0.3112 0.3114 0.3115 0.3116 0.3118 0.3119 0.3120 0.3121 0.3121 0.3122 0.3122
0.3077 0.3077 0.3077 0.3078 0.3078 0.3079 0.3079 0.3080 0.3080 0.3081 0.3081 0.3081 0.3080 0.3079 0.3077 0.3075 0.3073 0.3073 0.3073 0.3073 0.3072 0.3070 0.3068 0.3069 0.3063 0.3063 0.3033 0.2919 0.3084 0.3095 0.3098 0.3100 0.3101 0.3102 0.3102 0.3102 0.3103 0.3103 0.3103 0.3103 0.3103 0.3103 0.3103 0.3103 0.3103 0.3103 0.3103 0.3103 0.3103 0.3104 0.3104 0.3105 0.3105 0.3106 0.3106 0.3107 0.3108 0.3109 0.3110 0.3112 0.3113 0.3114 0.3115 0.3117 0.3118 0.3119 0.3120 0.3121 0.3121 0.3121 0.3122
