example/data/train/2B/dm1d0002.asc
ncols              302
nrows              262
xllcorner        167177.500
yllcorner       2549279.500
cellsize              1.000
NODATA_value       -999.9990
[rows 224 to 255 of 262, columns 0 to 70 of 302]
-999.9990 0.0000 0.0000 0.0000 1.3524 0.3524 0.3524 0.3524 0.3524 0.3524 0.3524 0.3524 0.3524 0.3524 0.3524 0.3524 0.3524 0.3524 0.3524 0.3524 0.3524 0.3524 0.3524 0.3524 0.3524 0.3524 0.3524 0.3523 0.3523 0.3523 0.3523 0.3523 0.3523 0.3523 0.3522 0.3522 0.3522 0.3522 0.3521 0.3521 0.3521 0.3521 0.3521 0.3521 0.3521 0.0000 0.0000 0.0000 0.0000 0.0000 0.0000 0.0000 0.0000 0.0000 0.0000 0.0000 0.0000 0.0000 0.0000 0.0000 0.0000 0.0000 0.0000 0.0000 0.0000 0.0000 0.0000 0.0000 0.0000 0.0000 0.0000
-999.9990 0.0000 0.0000 0.0000 0.0000 0.3524 0.3524 0.3524 0.3524 0.3524 0.3524 0.3524 0.3524 0.3524 0.3524 0.3524 0.3524 0.3524 0.3524 0.3524 0.3524 0.3524 0.3524 0.3524 0.3524 0.3524 0.3524 0.3523 0.3523 0.3523 0.3523 0.3523 0.3523 0.3523 0.3522 0.3522 0.3522 0.3522 0.3522 0.3521 0.3521 0.3521 0.3521 0.3521 0.3521 0.0000 0.0000 0.0000 0.0000 0.0000 0.0000 0.0000 0.0000 0.0000 0.0000 0.0000 0.0000 0.0000 0.0000 0.0000 0.0000 0.0000 0.0000 0.0000 0.0000 0.0000 0.0000 0.0000 0.0000 0.0000 0.0000
-999.9990 0.0000 0.0000 0.0000 0.0000 0.3524 0.3524 0.3524 0.3524 0.3524 0.3524 0.3524 0.3524 0.3524 0.3524 0.3524 0.3524 0.3524 0.3524 0.3524 0.3524 0.3524 0.3524 0.3524 0.3524 0.3524 0.3523 0.3523 0.3523 0.3523 0.3523 0.3523 0.3523 0.3523 0.3523 0.3522 0.3522 0.3522 0.3522 0.3521 0.3521 0.3521 0.3521 0.3521 0.0000 0.0000 0.0000 0.0000 0.0000 0.0000 0.0000 0.0000 0.0000 0.0000 0.0000 0.0000 0.0000 0.0000 0.0000 0.0000 0.0000 0.0000 0.0000 0.0000 0.0000 0.0000 0.0000 0.0000 0.0000 0.0000 0.0000
-999.9990 0.0000 0.0000 0.0000 0.0000 0.0000 1.3524 0.3524 0.3524 0.3524 0.3524 0.3524 0.3524 0.3524 0.3524 0.3524 0.3524 0.3524 0.3524 0.3524 0.3524 0.3524 0.3524 0.3524 0.3524 0.3523 0.3523 0.3523 0.3523 0.3523 0.3523 0.3523 0.3523 0.3523 0.3523 0.3523 0.3522 0.3522 0.3522 0.3521 0.3521 0.3521 1.3521 0.3521 0.0000 0.0000 0.0000 0.0000 0.0000 0.0000 0.0000 0.0000 0.0000 0.0000 0.0000 0.0000 0.0000 0.0000 0.0000 0.0000 0.0000 0.0000 0.0000 0.0000 0.0000 0.0000 0.0000 0.0000 0.0000 0.0000 0.0000
-999.9990 0.0000 0.0000 0.0000 0.0000 0.0000 0.0000 0.3524 0.3524 0.3524 0.3524 0.3524 0.3524 0.3524 0.3524 0.3524 0.3524 0.3524 0.3524 0.3524 0.3524 0.3524 0.3524 0.3524 0.3524 0.3523 0.3523 0.3523 0.3523 0.3523 0.3523 0.3523 0.3523 0.3523 0.3523 0.3523 0.3522 0.3522 0.3522 0.3521 0.3521 1.3521 0.3521 0.0000 0.0000 0.0000 0.0000 0.0000 0.0000 0.0000 0.0000 0.0000 0.0000 0.0000 0.0000 0.0000 0.0000 0.0000 0.0000 0.0000 0.0000 0.0000 0.0000 0.0000 0.0000 0.0000 0.0000 0.0000 0.0000 0.0000 0.0000
-999.9990 0.0000 0.0000 0.0000 0.0000 0.0000 0.0000 0.0000 0.3524 0.3524 0.3524 0.3524 0.3524 0.3524 0.3524 0.3524 0.3524 0.3524 0.3524 0.3524 0.3524 0.3524 0.3524 0.3524 0.3523 0.3523 0.3523 0.3523 0.3523 0.3523 0.3523 0.3523 0.3523 0.3523 0.3523 0.3523 0.3523 0.3522 0.3522 0.3522 0.3521 0.3521 1.3521 0.3520 0.0000 0.0000 0.0000 0.0000 0.0000 0.0000 0.0000 0.0000 0.0000 0.0000 0.0000 0.0000 0.0000 0.0000 0.0000 0.0000 0.0000 0.0000 0.0000 0.0000 0.0000 0.0000 0.0000 0.0000 0.0000 0.0000 0.0000
-999.9990 0.0000 0.0000 0.0000 0.0000 0.0000 0.0000 0.0000 0.0000 0.3524 0.3524 0.3524 0.3524 0.3524 0.3524 0.3524 0.3524 0.3524 0.3524 0.3524 0.3524 0.3524 0.3524 0.3524 0.3523 0.3523 0.3523 0.3523 0.3523 0.3524 0.3524 0.3523 0.3523 0.3523 0.3523 0.3523 0.3523 0.3523 0.3522 0.3522 0.3522 0.3521 0.3521 0.3521 0.3523 1.3523 0.0000 0.0000 0.0000 0.0000 0.0000 0.0000 0.0000 0.0000 0.0000 0.0000 0.0000 0.0000 0.0000 0.0000 0.0000 0.0000 0.0000 0.0000 0.0000 0.0000 0.0000 0.0000 0.0000 0.0000 0.0000
-999.9990 0.0000 0.0000 0.0000 0.0000 0.0000 0.0000 0.0000 0.0000 0.0000 0.3524 0.3524 0.3524 0.3524 0.3524 0.3524 0.3524 0.3524 0.3524 0.3524 0.3524 0.3524 0.3524 0.3524 0.3524 0.3523 0.3523 0.3523 0.3524 0.3524 0.3524 0.3524 0.3524 0.3523 0.3523 0.3523 0.3523 0.3523 0.3522 0.3522 0.3522 0.3522 0.3522 0.3522 0.3523 0.3523 0.3522 0.0000 0.0000 0.0000 0.0000 0.0000 0.0000 0.0000 0.0000 0.0000 0.0000 0.0000 0.0000 0.0000 0.0000 0.0000 0.0000 0.0000 0.0000 0.0000 0.0000 0.0000 0.0000 0.0000 0.0000
-999.9990 0.0000 0.0000 0.0000 0.0000 0.0000 0.0000 0.0000 0.0000 0.0000 0.0000 0.3524 0.3524 0.3524 0.3524 0.3524 0.3524 0.3524 0.3524 0.3524 0.3524 0.3524 0.3524 0.3524 0.3524 0.3524 0.3524 0.3524 0.3524 0.3524 0.3524 0.3524 0.3524 0.3524 0.3523 0.3523 0.3523 0.3523 0.3522 0.3522 0.3522 0.3522 0.3522 0.3522 0.3523 0.3523 0.3522 1.3525 0.3525 0.0000 0.0000 0.0000 0.0000 0.0000 0.0000 0.0000 0.0000 0.0000 0.0000 0.0000 0.0000 0.0000 0.0000 0.0000 0.0000 0.0000 0.0000 0.0000 0.0000 0.0000 0.0000
-999.9990 0.0000 0.0000 0.0000 0.0000 0.0000 0.0000 0.0000 0.0000 0.0000 0.0000 0.3524 0.3524 0.3524 0.3524 0.3524 0.3524 0.3524 0.3524 0.3524 0.3524 0.3524 0.3524 0.3524 0.3524 0.3524 0.3524 0.3524 0.3524 0.3524 0.3524 0.3524 0.3524 0.3524 0.3523 0.3523 0.3523 0.3523 0.3522 0.3522 0.3522 0.3522 0.3522 0.3523 0.3523 0.3523 0.3524 0.3525 0.3525 0.3527 0.3527 0.0000 0.0000 0.0000 0.0000 0.0000 0.0000 0.0000 0.0000 0.0000 0.0000 0.0000 0.0000 0.0000 0.0000 0.0000 0.0000 0.0000 0.0000 0.0000 0.0000
-999.9990 0.0000 0.0000 0.0000 0.0000 0.0000 0.0000 0.0000 0.0000 0.3524 0.3524 0.3524 0.3524 0.3524 0.3524 0.3524 0.3524 0.3524 0.3524 0.3524 0.3524 0.3524 0.3524 0.3524 0.3524 0.3524 0.3524 0.3524 0.3524 0.3524 0.3524 0.3524 0.3524 0.3524 0.3523 0.3523 0.3523 0.3523 0.3522 0.3519 0.3521 0.3522 0.3523 0.3523 0.3523 0.3523 0.3524 0.3525 0.3525 0.3526 0.3527 1.3526 0.0000 0.0000 0.0000 0.0000 0.0000 0.0000 0.0000 0.0000 0.0000 0.0000 0.0000 0.0000 0.0000 0.0000 0.0000 0.0000 0.0000 0.0000 0.0000
-999.9990 0.0000 0.0000 0.0000 0.0000 0.0000 0.0000 0.0000 0.3524 0.3524 0.3524 0.3524 0.3524 0.3524 0.3524 0.3524 0.3524 0.3524 0.3524 0.3524 0.3524 0.3524 0.3524 0.3524 0.3524 0.3524 0.3524 0.3524 0.3524 0.3524 0.3524 0.3524 0.3524 0.3524 0.3523 0.3523 0.3523 0.0000 0.0000 0.0000 0.3523 0.3523 0.3524 0.3523 0.3523 0.3524 0.3524 0.3525 0.3526 0.3526 0.3527 0.3526 0.3529 0.3529 0.0000 0.0000 0.0000 0.0000 0.0000 0.0000 0.0000 0.0000 0.0000 0.0000 0.0000 0.0000 0.0000 0.0000 0.0000 0.0000 0.0000
-999.9990 0.0000 0.0000 0.0000 0.0000 0.0000 0.0000 0.3524 0.3524 0.3524 0.3524 0.3524 0.3524 0.3524 0.3524 0.3524 0.3524 0.3524 0.3524 0.3524 0.3524 0.3524 0.3524 0.3524 0.3524 0.3524 0.3524 0.3524 0.3524 0.3524 0.3524 0.3524 0.3524 0.3524 0.3523 0.3523 0.0000 0.0000 0.0000 0.0000 0.0000 1.3524 0.3523 0.3519 0.3522 0.3524 0.3525 0.3526 0.3526 0.3527 0.3527 0.3527 0.3528 0.3529 0.3528 0.0000 0.0000 0.0000 0.0000 0.0000 0.0000 0.0000 0.0000 0.0000 0.0000 0.0000 0.0000 0.0000 0.0000 0.0000 0.0000
-999.9990 0.0000 0.0000 0.0000 0.0000 0.0000 1.3524 0.3524 0.3524 0.3524 0.3524 0.3524 0.3524 0.3524 0.3524 0.3524 0.3524 0.3524 0.3524 0.3524 0.3524 0.3524 0.3524 0.3524 0.3524 0.3524 0.3524 0.3524 0.3524 0.3524 0.3524 0.3524 0.3524 0.3524 0.3524 0.0000 0.0000 0.0000 0.0000 0.0000 0.0000 0.0000 0.0000 0.0000 0.3524 0.3525 0.3526 0.3526 0.3526 0.3527 0.3527 0.3528 0.3528 0.3528 0.3528 0.3528 0.0000 0.0000 0.0000 0.0000 0.0000 0.0000 0.0000 0.0000 0.0000 0.0000 0.0000 0.0000 0.0000 0.0000 0.0000
-999.9990 0.0000 0.0000 0.0000 0.3524 0.3524 0.3524 0.3524 0.3524 0.3524 0.3524 0.3524 0.3524 0.3524 0.3524 0.3524 0.3524 0.3524 0.3524 0.3524 0.3524 0.3524 0.3524 0.3524 0.3524 0.3524 0.3524 0.3524 0.3524 0.3524 0.3524 0.3524 0.3524 0.3524 0.3524 0.0000 0.0000 0.0000 0.0000 0.0000 0.0000 0.0000 0.0000 0.0000 0.0000 0.3526 0.3527 0.3527 0.3527 0.3527 0.3527 0.3528 0.3528 0.3528 0.3528 0.3528 0.3526 0.0000 0.0000 0.0000 0.0000 0.0000 0.0000 0.0000 0.0000 0.0000 0.0000 0.0000 0.0000 0.0000 0.0000
-999.9990 0.0000 0.0000 0.3524 0.3524 0.3524 0.3524 0.3524 0.3524 0.3524 0.3524 0.3524 0.3524 0.3524 0.3524 0.3524 0.3524 0.3524 0.3524 0.3524 0.3524 0.3524 0.3524 0.3524 0.3524 0.3524 0.3524 0.3524 0.3524 0.3524 0.3524 0.3524 0.3524 0.3524 0.3524 1.3524 0.0000 0.0000 0.0000 0.0000 0.0000 0.0000 0.0000 0.0000 0.0000 0.0000 0.3528 0.3525 0.3527 0.3527 0.3528 0.3528 0.3528 0.3528 0.3528 0.3528 0.3527 0.3532 0.3532 0.0000 0.0000 0.0000 0.0000 0.0000 0.0000 0.0000 0.0000 0.0000 0.0000 0.0000 0.0000
-999.9990 0.0000 0.3524 0.3524 0.3524 0.3524 0.3524 0.3524 0.3524 0.3524 0.3524 0.3524 0.3524 0.3524 0.3524 0.3524 0.3524 0.3524 0.3524 0.3524 0.3524 0.3524 0.3524 0.3524 0.3524 0.3524 0.3524 0.3524 0.3524 0.3524 0.3524 0.3524 0.3524 0.3524 0.3524 0.3524 0.0000 0.0000 0.0000 0.0000 0.0000 0.0000 0.0000 0.0000 0.0000 0.0000 0.0000 0.0000 0.3529 0.3526 0.3527 0.3529 0.3529 0.3528 0.3528 0.3528 0.3529 0.3531 0.3532 0.3530 0.0000 0.0000 0.0000 0.0000 0.0000 0.0000 0.0000 0.0000 0.0000 0.0000 0.0000
-999.9990 0.3524 0.3524 0.3524 0.3524 0.3524 0.3524 0.3524 0.3524 0.3524 0.3524 0.3524 0.3524 0.3524 0.3524 0.3524 0.3524 0.3524 0.3524 0.3524 0.3524 0.3524 0.3524 0.3524 0.3524 0.3524 0.3524 0.3524 0.3524 0.3524 0.3524 0.3524 0.3524 0.3524 0.3524 0.3524 0.3524 0.3524 0.3524 0.0000 0.0000 0.0000 0.0000 0.0000 0.0000 0.0000 0.0000 0.0000 0.0000 0.0000 1.3529 0.3529 0.3530 0.3529 0.3527 0.3528 0.3529 0.3531 0.3532 0.3531 1.3537 1.3537 0.0000 0.0000 0.0000 0.0000 0.0000 0.0000 0.0000 0.0000 0.0000
-999.9990 0.3524 0.3524 0.3524 0.3524 0.3524 0.3524 0.3524 0.3524 0.3524 0.3524 0.3524 0.3524 0.3524 0.3524 0.3524 0.3524 0.3524 0.3524 0.3524 0.3524 0.3524 0.3524 0.3524 0.3524 0.3524 0.3524 0.3524 0.3524 0.3524 0.3524 0.3524 0.3524 0.3524 0.3524 0.3524 0.3524 0.3524 0.0000 0.0000 0.0000 0.0000 0.0000 0.0000 0.0000 0.0000 0.0000 0.0000 0.0000 0.0000 0.0000 0.3530 0.3530 0.3528 0.3521 0.3525 0.3529 0.3532 0.3533 0.3534 0.3537 1.3536 0.3535 0.0000 0.3542 0.0000 0.0000 0.0000 0.0000 0.0000 0.0000
-999.9990 0.3524 0.3524 0.3524 0.3524 0.3524 0.3524 0.3524 0.3524 0.3524 0.3524 0.3524 0.3524 0.3524 0.3524 0.3524 0.3524 0.3524 0.3524 0.3524 0.3524 0.3524 0.3524 0.3524 0.3524 0.3524 0.3524 0.3524 0.3524 0.3524 0.3524 0.3524 0.3524 0.3524 0.3524 0.3524 0.3524 0.0000 0.0000 0.0000 0.0000 0.0000 0.0000 0.0000 0.0000 0.0000 0.0000 0.0000 0.0000 0.0000 0.0000 0.0000 0.0000 0.0000 0.0000 0.3527 0.3530 0.3533 0.3534 0.3535 0.3536 0.3536 0.3536 1.3541 0.3540 0.0000 0.0000 0.0000 0.0000 0.0000 0.0000
-999.9990 0.3524 0.3524 0.3524 0.3524 0.3524 0.3524 0.3524 0.3524 0.3524 0.3524 0.3524 0.3524 0.3524 0.3524 0.3524 0.3524 0.3524 0.3524 0.3524 0.3524 0.3524 0.3524 0.3524 0.3524 0.3524 0.3524 0.3524 0.3524 0.3524 0.3524 0.3524 0.3524 0.3524 0.3524 0.3524 0.0000 0.0000 0.0000 0.0000 0.0000 0.0000 0.0000 0.0000 0.0000 0.0000 0.0000 0.0000 0.0000 0.0000 0.0000 0.0000 0.0000 0.0000 0.0000 0.0000 0.3537 0.3537 0.3536 0.3536 0.3537 0.3537 0.3538 0.3540 0.3540 1.3544 0.3544 0.0000 0.0000 0.0000 0.0000
-999.9990 0.3524 0.3524 0.3524 0.3524 0.3524 0.3524 0.3524 0.3524 0.3524 0.3524 0.3524 0.3524 0.3524 0.3524 0.3524 0.3524 0.3524 0.3524 0.3524 0.3524 0.3524 0.3524 0.3524 0.3524 0.3524 0.3524 0.3524 0.3524 0.3524 1.3524 1.3524 0.3524 0.3524 0.3524 0.0000 0.0000 0.0000 0.0000 0.0000 0.0000 0.0000 0.0000 0.0000 0.0000 0.0000 0.0000 0.0000 0.0000 0.0000 0.0000 0.0000 0.0000 0.0000 0.0000 0.0000 0.3537 1.3536 0.3537 0.3537 0.3537 0.3538 0.3539 0.3540 0.3542 0.3544 0.3544 0.3544 0.0000 0.0000 0.0000
-999.9990 0.3524 0.3524 0.3524 0.3524 0.3524 0.3524 0.3524 0.3524 0.3524 0.3524 0.3524 0.3524 0.3524 0.3524 0.3524 0.3524 0.3524 0.3524 0.3524 0.3524 0.3524 0.3524 0.3524 0.3524 0.3524 0.3524 0.3524 0.3524 0.3524 0.3524 1.3524 0.3524 0.3524 0.3524 0.0000 0.0000 0.0000 0.0000 0.0000 0.0000 0.0000 0.0000 0.0000 0.0000 0.0000 0.0000 0.0000 0.0000 0.0000 0.0000 0.0000 0.0000 0.0000 0.0000 0.0000 0.0000 0.0000 0.3539 0.3535 0.3537 0.3538 0.3539 0.3541 0.3542 0.3543 0.3544 0.3544 0.3543 0.0000 0.0000
-999.9990 0.3524 0.3524 0.3524 0.3524 0.3524 0.3524 0.3524 0.3524 0.3524 0.3524 0.3524 0.3524 0.3524 0.3524 0.3524 0.3524 0.3524 0.3524 0.3524 0.3524 0.3524 0.3524 0.3524 0.3524 0.3524 0.3524 0.3524 0.3524 0.3524 0.3524 1.3524 0.3524 0.3524 0.0000 0.0000 0.0000 0.0000 0.0000 0.0000 0.0000 0.0000 0.0000 0.0000 0.0000 0.0000 0.0000 0.0000 0.0000 0.0000 0.0000 0.0000 0.0000 0.0000 0.0000 0.0000 0.0000 0.0000 0.0000 0.0000 0.3539 0.3534 0.3538 0.3542 0.3543 0.3544 0.3544 0.3544 0.3543 0.3547 0.3547
-999.9990 0.3524 0.3524 0.3524 0.3524 0.3524 0.3524 0.3524 0.3524 0.3524 0.3524 0.3524 0.3524 0.3524 0.3524 0.3524 0.3524 0.3524 0.3524 0.3524 0.3524 0.3524 0.3524 0.3524 0.3524 0.3524 0.3524 0.3524 0.3524 0.3524 0.3524 0.3524 0.0000 0.0000 0.0000 0.0000 0.0000 0.0000 0.0000 0.0000 0.0000 0.0000 0.0000 0.0000 0.0000 0.0000 0.0000 0.0000 0.0000 0.0000 0.0000 0.0000 0.0000 0.0000 0.0000 0.0000 0.0000 0.0000 0.0000 0.0000 0.0000 0.0000 0.3547 0.3545 0.3544 0.3545 0.3545 0.3545 0.3546 0.3547 0.3548
-999.9990 0.3524 0.3524 0.3524 0.3524 0.3524 0.3524 0.3524 0.3524 0.3524 0.3524 0.3524 0.3524 0.3524 0.3524 0.3524 0.3524 0.3524 0.3524 0.3524 0.3524 0.3524 0.3524 0.3524 0.3524 0.3524 0.3524 0.3524 0.3524 0.3524 0.3524 0.0000 0.0000 0.0000 0.0000 0.0000 0.0000 0.0000 0.0000 0.0000 0.0000 0.0000 0.0000 0.0000 0.0000 0.0000 0.0000 0.0000 0.0000 0.0000 0.0000 0.0000 0.0000 0.0000 0.0000 0.0000 0.0000 0.0000 0.0000 0.0000 0.0000 0.0000 0.3547 0.3544 0.3544 0.3545 0.3546 0.3546 0.3547 0.3548 0.3549
-999.9990 0.3524 0.3524 0.3524 0.3524 0.3524 0.3524 0.3524 0.3524 0.3524 0.3524 0.3524 0.3524 0.3524 0.3524 0.3524 0.3524 0.3524 0.3524 0.3524 0.3524 0.3524 0.3524 0.3524 0.3524 0.3524 0.3524 0.3524 0.3524 0.3524 0.0000 0.0000 0.0000 0.0000 0.0000 0.0000 0.0000 0.0000 0.0000 0.0000 0.0000 0.0000 0.0000 0.0000 0.0000 0.0000 0.0000 0.0000 0.0000 0.0000 0.0000 0.0000 0.0000 0.0000 0.0000 0.0000 0.0000 0.0000 0.0000 0.0000 0.0000 0.0000 0.0000 0.0000 1.3545 0.3543 0.3545 0.3547 0.3548 0.3549 0.3550
-999.9990 0.3524 0.3524 0.3524 0.3524 0.3524 0.3524 0.3524 0.3524 0.3524 0.3524 0.3524 0.3524 0.3524 0.3524 0.3524 0.3524 0.3524 0.3524 0.3524 0.3524 0.3524 0.3524 0.3524 0.3524 0.3524 0.3524 0.3524 0.3524 1.3524 0.0000 0.0000 0.0000 0.0000 0.0000 0.0000 0.0000 0.0000 0.0000 0.0000 0.0000 0.0000 0.0000 0.0000 0.0000 0.0000 0.0000 0.0000 0.0000 0.0000 0.0000 0.0000 0.0000 0.0000 0.0000 0.0000 0.0000 0.0000 0.0000 0.0000 0.0000 0.0000 0.0000 0.0000 0.0000 0.0000 0.3548 0.3549 0.3549 0.3550 0.3551
-999.9990 0.3524 0.3524 0.3524 0.3524 0.3524 0.3524 0.3524 0.3524 0.3524 0.3524 0.3524 0.3524 0.3524 0.3524 0.3524 0.3524 0.3524 0.3524 0.3524 0.3524 0.3524 0.3524 0.3524 0.3524 0.3524 0.3524 0.3524 0.0000 0.0000 0.0000 0.0000 0.0000 0.0000 0.0000 0.0000 0.0000 0.0000 0.0000 0.0000 0.0000 0.0000 0.0000 0.0000 0.0000 0.0000 0.0000 0.0000 0.0000 0.0000 0.0000 0.0000 0.0000 0.0000 0.0000 0.0000 0.0000 0.0000 0.0000 0.0000 0.0000 0.0000 0.0000 0.0000 0.0000 0.0000 0.0000 0.3551 0.3547 0.3549 0.3552
-999.9990 0.3524 0.3524 0.3524 0.3524 0.3524 0.3524 0.3524 0.3524 0.3524 0.3524 0.3524 0.3524 0.3524 0.3524 0.3524 0.3524 0.3524 0.3524 0.3524 0.3524 0.3524 0.3524 0.3524 0.3524 0.3524 0.3524 0.0000 0.0000 0.0000 0.0000 0.0000 0.0000 0.0000 0.0000 0.0000 0.0000 0.0000 0.0000 0.0000 0.0000 0.0000 0.0000 0.0000 0.0000 0.0000 0.0000 0.0000 0.0000 0.0000 0.0000 0.0000 0.0000 0.0000 0.0000 0.0000 0.0000 0.0000 0.0000 0.0000 0.0000 0.0000 0.0000 0.0000 0.0000 0.0000 0.0000 0.0000 0.0000 0.3551 0.3553
-999.9990 0.3524 0.3524 0.3524 0.3524 0.3524 0.3524 0.3524 0.3524 0.3524 0.3524 0.3524 0.3524 0.3524 0.3524 0.3524 0.3524 0.3524 0.3524 0.3524 0.3524 0.3524 0.3524 0.3524 0.3524 0.3524 0.0000 0.0000 0.0000 0.0000 0.0000 0.0000 0.0000 0.0000 0.0000 0.0000 0.0000 0.0000 0.0000 0.0000 0.0000 0.0000 0.0000 0.0000 0.0000 0.0000 0.0000 0.0000 0.0000 0.0000 0.0000 0.0000 0.0000 0.0000 0.0000 0.0000 0.0000 0.0000 0.0000 0.0000 0.0000 0.0000 0.0000 0.0000 0.0000 0.0000 0.0000 0.0000 0.0000 0.0000 0.3554
-999.9990 0.3524 0.3524 0.3524 0.3524 0.3524 0.3524 0.3524 0.3524 0.3524 0.3524 0.3524 0.3524 0.3524 0.3524 0.3524 0.3524 0.3524 0.3524 0.3524 0.3524 0.3524 0.3524 0.3524 0.3524 0.3524 0.0000 0.0000 0.0000 0.0000 0.0000 0.0000 0.0000 0.0000 0.0000 0.0000 0.0000 0.0000 0.0000 0.0000 0.0000 0.0000 0.0000 0.0000 0.0000 0.0000 0.0000 0.0000 0.0000 0.0000 0.0000 0.0000 0.0000 0.0000 0.0000 0.0000 0.0000 0.0000 0.0000 0.0000 0.0000 0.0000 0.0000 0.0000 0.0000 0.0000 0.0000 0.0000 0.0000 0.0000 0.0000
